3319,613	2,243	0,059
3319,613	2,243	0,059
3319,613	2,224	0,039
3319,613	2,224	0,059
3319,613	2,243	0,059
3319,613	2,224	0,059
3319,613	2,224	0,039
3319,613	2,224	0,039
3319,613	2,224	0,039
3319,613	2,224	0,059
3319,613	2,204	0,059
3319,613	2,204	0,059
3319,613	2,204	0,059
3319,613	2,185	0,059
3319,613	2,185	0,059
3319,613	2,185	0,059
3319,613	2,165	0,059
3319,613	2,165	0,059
3319,613	2,165	0,059
3319,613	2,146	0,059
3319,613	2,120	0,039
3319,613	2,120	0,059
3319,613	2,120	0,059
3319,613	2,101	0,039
3319,613	2,120	0,059
3319,613	2,101	0,059
3319,613	2,081	0,059
3319,613	2,101	0,059
3319,613	2,081	0,059
3319,613	2,061	0,059
3319,613	2,081	0,039
3319,613	2,061	0,059
3319,613	2,061	0,059
3319,613	2,061	0,059
3319,613	2,061	0,059
3319,613	2,061	0,059
3319,613	2,042	0,039
3319,613	2,042	0,059
3319,613	2,042	0,059
3319,613	2,042	0,059
3319,613	2,042	0,059
3319,613	2,042	0,059
3319,613	2,042	0,059
3319,613	2,061	0,059
3319,613	2,061	0,059
3319,613	2,061	0,059
3319,613	2,061	0,039
3319,613	2,061	0,039
3319,613	2,061	0,059
3319,613	2,061	0,059
3319,613	2,081	0,059
3319,613	2,081	0,059
3319,613	2,061	0,059
3319,613	2,101	0,059
3319,613	2,101	0,059
3319,613	2,081	0,039
3319,613	2,101	0,059
3319,613	2,101	0,059
3319,613	2,101	0,039
3319,613	2,120	0,059
3319,613	2,146	0,059
3319,613	2,120	0,059
3319,613	2,120	0,059
3319,613	2,120	0,039
3319,613	2,263	0,059
3319,613	2,120	0,039
3319,613	2,042	0,059
3319,613	2,185	0,059
3319,613	2,345	0,059
3319,613	2,185	0,059
3319,613	2,081	0,059
3319,613	2,081	0,039
3319,613	2,101	0,059
3319,613	2,204	0,039
3319,613	2,204	0,059
3319,613	2,325	0,059
3319,613	2,146	0,059
3319,613	2,101	0,059
3319,613	2,101	0,059
3319,613	2,224	0,059
3319,613	2,243	0,059
3319,613	2,224	0,039
3319,613	2,243	0,059
3319,613	2,243	0,059
3319,613	2,243	0,039
3319,613	2,224	0,059
3319,613	2,243	0,059
3319,613	2,243	0,039
3319,613	2,243	0,059
3319,613	2,243	0,059
3319,613	2,224	0,059
3319,613	2,224	0,059
3319,613	2,243	0,059
3319,613	2,224	0,059
3319,613	2,204	0,039
3319,613	2,224	0,059
3319,613	2,224	0,059
3319,613	2,204	0,059
3319,613	2,204	0,059
3319,613	2,224	0,059
3319,613	2,204	0,059
3319,613	2,224	0,059
3319,613	2,224	0,059
3319,613	2,224	0,059
3319,613	2,204	0,059
3319,613	2,204	0,059
3319,613	2,224	0,059
3319,613	2,224	0,059
3319,613	2,185	0,059
3319,613	2,185	0,059
3319,613	2,204	0,059
3319,613	2,204	0,059
3319,613	2,185	0,059
3319,613	2,146	0,039
3319,613	2,146	0,059
3319,613	2,185	0,039
3319,613	2,185	0,059
3319,613	2,146	0,059
3319,613	2,146	0,059
3319,613	2,146	0,059
3319,613	2,146	0,059
3319,613	2,146	0,059
3319,613	2,101	0,059
3319,613	2,120	0,059
3319,613	2,146	0,059
3319,613	2,120	0,059
3319,613	2,101	0,059
3319,613	2,101	0,059
3319,613	2,101	0,059
3319,613	2,101	0,059
3319,613	2,081	0,059
3319,613	2,081	0,039
3319,613	2,081	0,059
3319,613	2,081	0,059
3319,613	2,061	0,039
3319,613	2,081	0,059
3319,613	2,081	0,059
3319,613	2,061	0,039
3319,613	2,061	0,059
3319,613	2,061	0,059
3319,613	2,061	0,059
3319,613	2,061	0,059
3319,613	2,061	0,039
3319,613	2,061	0,039
3319,613	2,061	0,059
3319,613	2,061	0,039
3319,613	2,061	0,059
3319,613	2,042	0,059
3319,613	2,061	0,059
3319,613	2,042	0,039
3319,613	2,042	0,059
3319,613	2,061	0,059
3319,613	2,042	0,039
3319,613	2,061	0,039
3319,613	2,042	0,039
3319,613	2,061	0,039
3319,613	2,061	0,039
3319,613	2,061	0,039
3319,613	2,061	0,039
3319,613	2,061	0,039
3319,613	2,101	0,039
3319,613	2,120	0,039
3319,613	2,081	0,039
3319,613	2,061	0,039
3319,613	2,061	0,020
3319,613	2,146	0,039
3319,613	2,165	0,039
3319,613	2,081	0,039
3319,613	2,081	0,039
3319,613	2,165	0,039
3319,613	2,224	0,039
3319,613	2,185	0,039
3319,613	2,185	0,039
3319,613	2,204	0,039
3319,613	2,263	0,039
3319,613	2,263	0,039
3319,613	2,263	0,039
3319,613	2,306	0,039
3319,613	2,325	0,039
3319,613	2,364	0,039
3319,613	2,345	0,039
3319,613	2,364	0,039
3319,613	2,448	0,039
3319,613	2,468	0,039
3319,613	2,448	0,039
3319,613	2,448	0,039
3319,613	2,527	0,020
3319,613	2,647	0,039
3319,613	2,667	0,039
3319,613	2,667	0,039
3319,613	2,204	0,039
3319,613	2,286	0,039
3319,613	3,136	0,039
3319,613	3,093	0,020
3319,613	2,243	0,039
3319,613	3,034	0,039
3319,613	2,224	0,020
3319,613	2,732	0,039
3319,613	2,146	0,039
3319,613	2,325	0,039
3319,613	2,101	0,020
3319,613	2,686	0,039
3319,613	2,970	0,039
3319,613	3,093	0,039
3319,613	2,384	0,020
3319,613	3,253	0,039
3319,613	2,950	0,039
3319,613	3,093	0,039
3319,613	2,608	0,020
3319,613	2,732	0,020
3319,613	2,852	0,020
3319,613	2,911	0,020
3319,613	3,073	0,039
3319,613	2,185	0,039
3319,613	2,325	0,020
3319,613	2,487	0,039
3319,613	3,073	0,020
3319,613	2,429	0,039
3319,613	3,034	0,020
3319,613	3,054	0,039
3319,613	3,093	0,039
3319,613	2,892	0,039
3319,613	2,146	0,020
3319,613	3,298	0,039
3319,613	2,120	0,020
3319,613	2,712	0,039
3319,613	2,751	0,020
3319,613	2,970	0,020
3319,613	3,034	0,020
3319,613	2,892	0,039
3319,613	2,712	0,039
3319,613	3,253	0,020
3319,613	2,204	0,020
3319,613	2,527	0,020
3319,613	2,628	0,020
3319,613	2,403	0,039
3319,613	2,527	0,020
3319,613	2,345	0,039
3319,613	3,112	0,020
3319,613	3,136	0,020
3319,613	3,112	0,020
3319,613	2,243	0,020
3319,613	2,507	0,039
3319,613	3,253	0,020
3319,613	2,667	0,020
3319,613	3,357	0,039
3319,613	2,771	0,039
3319,613	2,468	0,039
3319,613	2,810	0,020
3319,613	2,507	0,020
3319,613	2,306	0,039
3319,613	2,950	0,020
3319,613	3,155	0,020
3319,613	3,054	0,020
3319,613	2,487	0,020
3319,613	2,608	0,020
3319,613	2,712	0,039
3319,613	2,950	0,020
3319,613	2,263	0,039
3319,613	2,931	0,039
3319,613	2,892	0,020
3319,613	2,686	0,039
3319,613	2,022	0,020
3319,613	2,325	0,039
3319,613	2,911	0,020
3319,613	2,829	0,020
3319,613	3,112	0,020
3319,613	2,608	0,020
3319,613	3,054	0,020
3319,613	2,468	0,020
3319,613	2,546	0,020
3319,613	3,194	0,020
3319,613	2,286	0,020
3319,613	3,175	0,020
3319,613	2,263	0,039
3319,613	3,034	0,020
3319,613	2,224	0,020
3319,613	3,298	0,039
3319,613	2,647	0,020
3319,613	3,112	0,020
3319,613	2,995	0,020
3319,613	2,507	0,020
3319,613	2,667	0,020
3319,613	2,146	0,039
3319,613	2,527	0,020
3319,613	2,468	0,020
3319,613	3,175	0,039
3319,613	2,647	0,020
3319,613	2,667	0,020
3319,613	2,487	0,020
3319,613	2,686	0,020
3319,613	2,204	0,020
3319,613	2,507	0,020
3319,613	3,093	0,020
3319,613	2,345	0,020
3319,613	2,120	0,020
3319,613	3,357	0,020
3319,613	2,185	0,020
3319,613	2,751	0,020
3319,613	2,468	0,020
3319,613	2,569	0,020
3319,613	2,589	0,020
3319,613	2,931	0,020
3319,613	3,337	0,020
3319,613	2,712	0,020
3319,613	2,204	0,020
3319,613	2,146	0,020
3319,613	2,120	0,020
3319,613	2,146	0,020
3319,613	2,732	0,020
3319,613	2,950	0,020
3319,613	2,384	0,020
3319,613	2,771	0,039
3319,613	2,892	0,020
3319,613	2,790	0,020
3319,613	2,487	0,020
3319,613	2,810	0,020
3319,613	2,325	0,020
3319,613	3,194	0,020
3319,613	2,810	0,020
3319,613	2,771	0,020
3319,613	2,146	0,020
3319,613	2,995	0,020
3319,613	2,507	0,020
3319,613	2,384	0,020
3319,613	2,931	0,020
3319,613	3,253	0,020
3319,613	2,771	0,020
3319,613	2,345	0,020
3319,613	2,892	0,020
3319,613	3,337	0,020
3319,613	2,448	0,020
3319,613	2,911	0,020
3319,613	2,647	0,020
3319,613	2,647	0,020
3319,613	2,771	0,020
3319,613	2,686	0,020
3319,613	2,589	0,020
3319,613	2,429	0,020
3319,613	2,325	0,020
3319,613	2,911	0,020
3319,613	2,120	0,020
3319,613	2,647	0,020
3319,613	2,892	0,020
3319,613	3,155	0,020
3319,613	3,034	0,020
3319,613	3,112	0,020
3319,613	2,224	0,020
3319,613	3,357	0,020
3319,613	3,155	0,020
3319,613	2,589	0,020
3319,613	3,155	0,020
3319,613	2,911	0,020
3319,613	2,468	0,020
3319,613	2,286	0,020
3319,613	3,054	0,020
3319,613	2,790	0,020
3319,613	2,892	0,020
3319,613	2,286	0,020
3319,613	2,384	0,020
3319,613	2,384	0,020
3319,613	2,101	0,020
3319,613	2,243	0,020
3319,613	2,732	0,020
3319,613	2,345	0,020
3319,613	1,941	0,020
3319,613	2,042	0,020
3319,613	2,429	0,020
3319,613	2,286	0,020
3319,613	2,120	0,020
3319,613	2,081	0,020
3319,613	2,165	0,020
3319,613	3,034	0,020
3319,613	3,233	0,020
3319,613	2,911	0,020
3319,613	2,950	0,020
3319,613	2,732	0,020
3319,613	2,589	0,020
3319,613	2,771	0,039
3319,613	2,892	0,020
3319,613	2,325	0,020
3319,613	3,093	0,020
3319,613	2,185	0,020
3319,613	2,448	0,020
3319,613	2,608	0,020
3319,613	2,911	0,020
3319,613	3,155	0,020
3319,613	2,546	0,020
3319,613	2,790	0,020
3319,613	2,608	0,020
3319,613	2,527	0,020
3319,613	2,429	0,020
3319,613	2,771	0,020
3319,613	2,667	0,020
3319,613	2,061	0,020
3319,613	2,970	0,020
3319,613	2,185	0,020
3319,613	2,712	0,020
3319,613	2,403	0,020
3319,613	2,829	0,020
3319,613	2,429	0,020
3319,613	2,872	0,020
3319,613	2,325	0,020
3319,613	2,325	0,020
3319,613	2,448	0,020
3319,613	2,667	0,020
3319,613	2,872	0,020
3319,613	2,732	0,020
3319,613	2,569	0,020
3319,613	2,911	0,020
3319,613	3,298	0,020
3319,613	2,829	0,020
3319,613	3,194	0,020
3319,613	3,298	0,020
3319,613	1,941	0,000
3319,613	2,224	0,020
3319,613	3,214	0,020
3319,613	3,318	0,020
3319,613	2,101	0,020
3319,613	2,448	0,020
3319,613	3,318	0,020
3319,613	2,429	0,020
3319,613	2,546	0,020
3319,613	2,569	0,020
3319,613	2,810	0,020
3319,613	2,448	0,020
3319,613	2,507	0,020
3319,613	2,608	0,020
3319,613	3,357	0,020
3319,613	3,233	0,020
3319,613	3,073	0,020
3319,613	2,120	0,020
3319,613	2,608	0,020
3319,613	1,921	0,020
3319,613	1,960	0,020
3319,613	1,902	0,020
3319,613	1,882	0,020
3319,613	2,022	0,020
3319,613	2,061	0,020
3319,613	2,146	0,020
3319,613	2,120	0,020
3319,613	2,101	0,020
3319,613	2,120	0,020
3319,613	2,101	0,020
3319,613	2,061	0,020
3319,613	2,061	0,020
3319,613	2,081	0,020
3319,613	2,081	0,020
3319,613	2,061	0,020
3319,613	2,061	0,020
3319,613	2,061	0,020
3319,613	2,061	0,020
3319,613	2,081	0,020
3319,613	2,081	0,020
3319,613	2,061	0,020
3319,613	2,081	0,020
3319,613	2,101	0,020
3319,613	2,101	0,020
3319,613	2,101	0,020
3319,613	2,120	0,020
3319,613	2,146	0,020
3319,613	2,185	0,020
3319,613	2,204	0,020
3319,613	2,224	0,020
3319,613	2,243	0,020
3319,613	2,263	0,020
3319,613	2,286	0,020
3319,613	2,325	0,020
3319,613	2,325	0,020
3319,613	2,364	0,020
3319,613	2,384	0,020
3319,613	2,403	0,039
3319,613	2,429	0,020
3319,613	2,448	0,020
3319,613	2,487	0,039
3319,613	2,487	0,039
3319,613	2,487	0,020
3319,613	2,507	0,039
3319,613	2,325	0,020
3319,613	3,015	0,020
3319,613	3,214	0,039
3319,613	3,175	0,039
3319,613	2,712	0,020
3319,613	2,712	0,039
3319,613	2,042	0,039
3319,613	2,101	0,039
3319,613	2,224	0,039
3319,613	2,101	0,020
3319,613	2,003	0,039
3319,613	2,081	0,020
3319,613	2,081	0,020
3319,613	2,286	0,020
3319,613	2,081	0,020
3319,613	2,120	0,020
3319,613	2,243	0,020
3319,613	2,101	0,039
3319,613	2,204	0,020
3319,613	2,165	0,020
3319,613	2,185	0,020
3319,613	2,243	0,020
3319,613	2,204	0,020
3319,613	2,243	0,020
3319,613	2,263	0,020
3319,613	2,263	0,020
3319,613	2,325	0,020
3319,613	2,325	0,020
3319,613	2,345	0,020
3319,613	2,364	0,020
3319,613	2,384	0,020
3319,613	2,403	0,020
3319,613	2,429	0,020
3319,613	2,448	0,020
3319,613	2,468	0,020
3319,613	2,487	0,020
3319,613	2,487	0,020
3319,613	2,527	0,020
3319,613	2,589	0,020
3319,613	2,569	0,020
3319,613	2,569	0,020
3319,613	2,608	0,020
3319,613	2,667	0,020
3319,613	2,686	0,020
3319,613	2,667	0,020
3319,613	2,686	0,020
3319,613	2,751	0,020
3319,613	2,771	0,020
3319,613	2,771	0,020
3319,613	2,790	0,020
3319,613	2,790	0,020
3319,613	2,829	0,020
3319,613	2,872	0,020
3319,613	2,852	0,020
3319,613	2,911	0,020
3319,613	3,419	0,020
3319,613	2,325	0,020
3319,613	2,120	0,020
3319,613	2,970	0,020
3319,613	3,396	0,020
3319,613	3,376	0,020
3319,613	2,345	0,020
3319,613	2,507	0,020
3319,613	2,950	0,020
3319,613	3,298	0,020
3319,613	3,034	0,020
3319,613	2,852	0,020
3319,613	3,054	0,020
3319,613	3,233	0,020
3319,613	2,204	0,020
3319,613	2,003	0,020
3319,613	2,468	0,020
3319,613	2,120	0,020
3319,613	3,318	0,020
3319,613	2,224	0,020
3319,613	3,015	0,020
3319,613	3,419	0,020
3319,613	2,790	0,020
3319,613	3,214	0,020
3319,613	3,253	0,020
3319,613	3,194	0,020
3319,613	3,093	0,020
3319,613	3,298	0,020
3319,613	2,185	0,020
3319,613	3,279	0,020
3319,613	2,569	0,020
3319,613	2,872	0,020
3319,613	2,931	0,020
3319,613	3,279	0,020
3319,613	2,243	0,020
3319,613	2,286	0,020
3319,613	3,054	0,020
3319,613	2,608	0,020
3319,613	2,995	0,020
3319,613	2,589	0,020
3319,613	2,468	0,020
3319,613	2,712	0,020
3319,613	2,911	0,020
3319,613	3,093	0,020
3319,613	2,732	0,020
3319,613	2,487	0,020
3319,613	2,243	0,020
3319,613	3,015	0,020
3319,613	2,911	0,020
3319,613	3,093	0,020
3319,613	2,751	0,020
3319,613	2,224	0,020
3319,613	2,345	0,020
3319,613	2,224	0,020
3319,613	2,204	0,020
3319,613	2,546	0,020
3319,613	2,546	0,020
3319,613	2,931	0,020
3319,613	2,204	0,020
3319,613	3,073	0,020
3319,613	2,995	0,020
3319,613	2,712	0,020
3319,613	2,667	0,020
3319,613	2,628	0,020
3319,613	2,384	0,020
3319,613	2,507	0,020
3319,613	2,931	0,020
3319,613	2,647	0,020
3319,613	2,345	0,020
3319,613	2,790	0,020
3319,613	2,243	0,020
3319,613	2,872	0,020
3319,613	2,810	0,020
3319,613	3,136	0,020
3319,613	2,487	0,020
3319,613	2,384	0,020
3319,613	3,214	0,020
3319,613	2,892	0,020
3319,613	2,667	0,020
3319,613	2,790	0,020
3319,613	3,233	0,020
3319,613	2,468	0,020
3319,613	2,950	0,020
3319,613	2,101	0,020
3319,613	2,224	0,020
3319,613	2,165	0,020
3319,613	3,073	0,020
3319,613	3,175	0,020
3319,613	3,318	0,020
3319,613	1,960	0,020
3319,613	2,185	0,020
3319,613	2,527	0,020
3319,613	2,042	0,020
3319,613	2,810	0,020
3319,613	2,101	0,020
3319,613	3,015	0,020
3319,613	1,941	0,020
3319,613	2,569	0,020
3319,613	3,093	0,020
3319,613	1,902	0,020
3319,613	2,771	0,020
3319,613	3,093	0,020
3319,613	2,546	0,020
3319,613	2,306	0,020
3319,613	3,093	0,020
3319,613	2,829	0,020
3319,613	2,243	0,020
3319,613	3,318	0,020
3319,613	2,931	0,020
3319,613	2,667	0,020
3319,613	2,686	0,020
3319,613	2,286	0,020
3319,613	2,022	0,020
3319,613	2,810	0,020
3319,613	2,589	0,020
3319,613	2,686	0,020
3319,613	2,185	0,020
3319,613	2,712	0,020
3319,613	2,751	0,020
3319,613	2,995	0,020
3319,613	2,325	0,020
3319,613	2,546	0,020
3319,613	2,911	0,020
3319,613	2,686	0,020
3319,613	3,194	0,020
3319,613	2,448	0,020
3319,613	3,214	0,020
3319,613	2,429	0,020
3319,613	2,810	0,020
3319,613	2,507	0,020
3319,613	3,214	0,020
3319,613	3,136	0,020
3319,613	2,667	0,020
3319,613	2,732	0,020
3319,613	2,608	0,020
3319,613	3,015	0,020
3319,613	2,931	0,020
3319,613	3,175	0,020
3319,613	2,146	0,020
3319,613	3,034	0,020
3319,613	2,384	0,020
3319,613	2,286	0,020
3319,613	2,872	0,020
3319,613	2,165	0,020
3319,613	3,396	0,020
3319,613	3,298	0,020
3319,613	2,384	0,020
3319,613	2,384	0,020
3319,613	2,892	0,020
3319,613	2,165	0,020
3319,613	2,384	0,020
3319,613	3,253	0,020
3319,613	2,546	0,020
3319,613	2,771	0,020
3319,613	2,950	0,020
3319,613	2,950	0,020
3319,613	2,224	0,020
3319,613	2,306	0,020
3319,613	2,487	0,020
3319,613	2,790	0,020
3319,613	2,325	0,020
3319,613	3,015	0,020
3319,613	2,146	0,020
3319,613	2,950	0,020
3319,613	3,214	0,020
3319,613	2,146	0,020
3319,613	2,527	0,020
3319,613	2,790	0,020
3319,613	3,517	0,020
3319,613	3,396	0,020
3319,613	2,608	0,020
3319,613	2,061	0,020
3319,613	2,061	0,020
3319,613	3,497	0,020
3319,613	2,146	0,020
3319,613	3,438	0,020
3319,613	2,101	0,020
3319,613	3,536	0,020
3319,613	3,477	0,020
3319,613	3,419	0,020
3319,613	2,165	0,020
3319,613	3,497	0,020
3319,613	2,146	0,020
3319,613	3,376	0,020
3319,613	3,279	0,020
3319,613	3,497	0,020
3319,613	3,517	0,020
3319,613	2,286	0,020
3319,613	2,243	0,020
3319,613	2,667	0,020
3319,613	3,194	0,020
3319,613	3,357	0,020
3319,613	3,318	0,020
3319,613	3,112	0,020
3319,613	3,054	0,020
3319,613	3,015	0,020
3319,613	2,829	0,020
3319,613	2,712	0,000
3319,613	2,712	0,020
3319,613	3,015	0,020
3319,613	3,093	0,000
3319,613	3,054	0,020
3319,613	3,073	0,020
3319,613	3,093	0,020
3319,613	2,950	0,020
3319,613	2,751	0,020
3319,613	2,751	0,020
3319,613	2,911	0,020
3319,613	3,015	0,020
3319,613	3,034	0,020
3319,613	2,950	0,020
3319,613	2,852	0,020
3319,613	2,829	0,020
3319,613	3,396	0,020
3319,613	2,507	0,020
3319,613	2,911	0,020
3319,613	2,931	0,020
3319,613	2,243	0,020
3319,613	2,712	0,020
3319,613	2,364	0,020
3319,613	2,325	0,020
3319,613	3,396	0,020
3319,613	2,667	0,020
3319,613	2,911	0,020
3319,613	2,872	0,020
3319,613	3,015	0,020
3319,613	3,458	0,039
3319,613	2,712	0,020
3319,613	2,243	0,039
3319,613	2,224	0,039
3319,613	3,214	0,039
3319,613	3,214	0,039
3319,613	2,243	0,039
3319,613	2,224	0,039
3319,613	2,911	0,059
3319,613	2,546	0,039
3319,613	3,741	0,059
3319,613	3,458	0,039
3319,613	2,403	0,059
3319,613	3,581	0,039
3319,613	2,771	0,059
3319,613	2,403	0,039
3319,613	3,214	0,059
3319,613	2,325	0,059
3319,613	2,872	0,039
3319,613	2,569	0,039
3319,613	2,263	0,059
3319,613	2,667	0,039
3319,613	2,468	0,039
3319,613	2,970	0,059
3319,613	3,601	0,039
3319,613	2,204	0,059
3319,613	3,477	0,059
3319,613	3,233	0,059
3319,613	2,003	0,059
3319,613	3,298	0,059
3319,613	3,438	0,059
3319,613	2,448	0,059
3319,613	3,620	0,059
3319,613	3,477	0,059
3319,613	3,741	0,059
3319,613	3,536	0,039
3319,613	2,667	0,059
3319,613	3,015	0,059
3319,613	2,120	0,039
3319,613	3,536	0,039
3319,613	2,325	0,039
3319,613	3,054	0,059
3319,613	2,165	0,039
3319,613	2,224	0,059
3319,613	2,263	0,059
3319,613	3,136	0,059
3319,613	3,497	0,059
3319,613	2,185	0,059
3319,613	3,477	0,039
3319,613	2,546	0,039
3319,613	2,306	0,039
3319,613	2,569	0,039
3319,613	2,003	0,039
3319,613	2,911	0,059
3319,613	3,601	0,039
3319,613	2,243	0,039
3319,613	2,712	0,059
3319,613	2,204	0,039
3319,613	3,536	0,039
3319,613	3,357	0,059
3319,613	2,569	0,039
3319,613	3,679	0,039
3319,613	2,384	0,039
3319,613	2,507	0,039
3319,613	2,569	0,039
3319,613	3,601	0,039
3319,613	2,487	0,039
3319,613	3,438	0,039
3319,613	3,477	0,020
3319,613	3,054	0,039
3319,613	2,732	0,039
3319,613	3,194	0,039
3319,613	2,810	0,020
3319,613	2,224	0,039
3319,613	3,659	0,020
3319,613	3,620	0,039
3319,613	3,780	0,020
3319,613	3,419	0,039
3319,613	2,487	0,020
3319,613	2,345	0,039
3319,613	3,702	0,039
3319,613	3,800	0,020
3319,613	2,448	0,039
3319,613	2,487	0,039
3319,613	2,146	0,020
3319,613	2,647	0,020
3319,613	3,864	0,039
3319,613	3,761	0,020
3319,613	3,298	0,039
3319,613	2,608	0,039
3319,613	2,712	0,020
3319,613	3,034	0,020
3319,613	2,810	0,020
3319,613	2,589	0,039
3319,613	3,722	0,039
3319,613	3,800	0,039
3319,613	2,751	0,020
3319,613	3,620	0,039
3319,613	3,864	0,020
3319,613	3,845	0,020
3319,613	3,279	0,020
3319,613	3,601	0,039
3319,613	3,761	0,020
3319,613	2,364	0,020
3319,613	3,136	0,020
3319,613	3,864	0,020
3319,613	3,679	0,020
3319,613	3,819	0,020
3319,613	3,819	0,020
3319,613	3,845	0,020
3319,613	3,722	0,020
3319,613	3,864	0,020
3319,613	3,581	0,020
3319,613	3,722	0,020
3319,613	3,864	0,020
3319,613	3,800	0,020
3319,613	3,761	0,020
3319,613	3,864	0,020
3319,613	3,845	0,020
3319,613	3,819	0,020
3319,613	3,780	0,020
3319,613	3,845	0,020
3319,613	3,800	0,039
3319,613	3,722	0,039
3319,613	3,819	0,020
3319,613	3,864	0,020
3319,613	3,864	0,039
3319,613	3,819	0,020
3319,613	3,819	0,039
3319,613	3,864	0,039
3319,613	3,819	0,039
3319,613	3,741	0,020
3319,613	3,819	0,020
3319,613	3,864	0,020
3319,613	3,864	0,020
3319,613	3,800	0,020
3319,613	3,845	0,039
3319,613	3,884	0,039
3319,613	3,864	0,039
3319,613	3,761	0,020
3319,613	3,819	0,020
3319,613	3,864	0,020
3319,613	3,864	0,020
3319,613	3,845	0,020
3319,613	3,864	0,039
3319,613	3,864	0,020
3319,613	3,864	0,020
3319,613	3,819	0,039
3319,613	3,819	0,039
3319,613	3,864	0,020
3319,613	3,864	0,020
3319,613	3,864	0,020
3319,613	3,864	0,020
3319,613	3,864	0,020
3319,613	3,864	0,020
3319,613	3,845	0,020
3319,613	3,845	0,020
3319,613	3,864	0,020
3319,613	3,884	0,020
3319,613	3,864	0,020
3319,613	3,884	0,039
3319,613	3,864	0,020
3319,613	3,864	0,020
3319,613	3,864	0,039
3319,613	3,864	0,020
3319,613	3,884	0,020
3319,613	3,884	0,020
3319,613	3,884	0,020
3319,613	3,884	0,020
3319,613	3,864	0,020
3319,613	3,884	0,020
3319,613	3,884	0,039
3319,613	3,884	0,039
3319,613	3,884	0,039
3319,613	3,884	0,039
3319,613	3,864	0,039
3319,613	3,864	0,020
3319,613	3,864	0,020
3319,613	3,864	0,039
3319,613	3,864	0,039
3319,613	3,864	0,039
3319,613	3,864	0,020
3319,613	3,864	0,039
3319,613	3,845	0,020
3319,613	3,845	0,039
3319,613	3,845	0,039
3319,613	3,845	0,039
3319,613	3,845	0,020
3319,613	3,864	0,039
3319,613	3,845	0,039
3319,613	3,845	0,039
3319,613	3,819	0,039
3319,613	3,819	0,039
3319,613	3,819	0,039
3319,613	3,819	0,020
3319,613	3,819	0,039
3319,613	3,819	0,039
3319,613	3,819	0,039
3319,613	3,819	0,039
3319,613	3,800	0,039
3319,613	3,800	0,039
3319,613	3,800	0,020
3319,613	3,800	0,020
3319,613	3,800	0,039
3319,613	3,800	0,039
3319,613	3,819	0,039
3319,613	3,819	0,039
3319,613	3,800	0,039
3319,613	3,800	0,020
3319,613	3,780	0,039
3319,613	3,800	0,039
3319,613	3,800	0,039
3319,613	3,800	0,039
3319,613	3,819	0,039
3319,613	3,800	0,020
3319,613	3,800	0,039
3319,613	3,780	0,020
3319,613	3,780	0,020
3319,613	3,780	0,020
3319,613	3,800	0,039
3319,613	3,800	0,020
3319,613	3,800	0,039
3319,613	3,800	0,020
3319,613	3,800	0,020
3319,613	3,800	0,020
3319,613	3,800	0,020
3319,613	3,800	0,020
3319,613	3,800	0,020
3319,613	3,800	0,020
3319,613	3,800	0,020
3319,613	3,800	0,020
3319,613	3,800	0,020
3319,613	3,800	0,020
3319,613	3,800	0,020
3319,613	3,800	0,020
3319,613	3,800	0,020
3319,613	3,800	0,020
3319,613	3,800	0,020
3319,613	3,800	0,020
3319,613	3,800	0,020
3319,613	3,800	0,020
3319,613	3,800	0,000
3319,613	3,800	0,020
3319,613	3,800	0,020
3319,613	3,800	0,020
3319,613	3,800	0,020
3319,613	3,800	0,020
3319,613	3,800	0,020
3319,613	3,800	0,020
3319,613	3,800	0,020
3319,613	3,800	0,020
3319,613	3,800	0,020
3319,613	3,800	0,020
3319,613	3,800	0,020
3319,613	3,800	0,020
3319,613	3,819	0,020
3319,613	3,800	0,020
3319,613	3,800	0,020
3319,613	3,819	0,020
3319,613	3,845	0,020
3319,613	3,845	0,020
3319,613	3,845	0,020
3319,613	3,845	0,020
3319,613	3,845	0,020
3319,613	3,845	0,020
3319,613	3,845	0,020
3319,613	3,845	0,020
3319,613	3,845	0,020
3319,613	3,845	0,020
3319,613	3,845	0,000
3319,613	3,845	0,020
3319,613	3,845	0,020
3319,613	3,845	0,020
3319,613	3,845	0,020
3319,613	3,845	0,020
3319,613	3,845	0,020
3319,613	3,864	0,020
3319,613	3,864	0,020
3319,613	3,864	0,020
3319,613	3,864	0,020
3319,613	3,864	0,020
3319,613	3,864	0,020
3319,613	3,864	0,020
3319,613	3,864	0,020
3319,613	3,864	0,020
3319,613	3,884	0,020
3319,613	3,884	0,020
3319,613	3,864	0,020
3319,613	3,864	0,020
3319,613	3,864	0,020
3319,613	3,864	0,020
3319,613	3,864	0,020
3319,613	3,864	0,020
3319,613	3,864	0,020
3319,613	3,864	0,020
3319,613	3,864	0,020
3319,613	3,864	0,020
3319,613	3,864	0,020
3319,613	3,864	0,020
3319,613	3,864	0,020
3319,613	3,864	0,020
3319,613	3,864	0,020
3319,613	3,864	0,020
3319,613	3,864	0,020
3319,613	3,864	0,020
3319,613	3,864	0,020
3319,613	3,864	0,020
3319,613	3,864	0,020
3319,613	3,864	0,020
3319,613	3,884	0,020
3319,613	3,864	0,020
3319,613	3,864	0,020
3319,613	3,864	0,020
3319,613	3,864	0,020
3319,613	3,864	0,020
3319,613	3,864	0,020
3319,613	3,864	0,020
3319,613	3,845	0,020
3319,613	3,864	0,020
3319,613	3,864	0,020
3319,613	3,845	0,020
3319,613	3,845	0,020
3319,613	3,845	0,020
3319,613	3,845	0,020
3319,613	3,845	0,020
3319,613	3,845	0,020
3319,613	3,845	0,020
3319,613	3,819	0,020
3319,613	3,819	0,020
3319,613	3,819	0,020
3319,613	3,800	0,020
3319,613	3,800	0,020
3319,613	3,800	0,020
3319,613	3,800	0,020
3319,613	3,800	0,020
3319,613	3,800	0,020
3319,613	3,800	0,020
