3577,134	1,111	0,283
3576,801	1,111	0,259
3576,468	1,091	0,259
3576,135	1,032	0,259
3575,802	1,032	0,259
3575,469	1,032	0,259
3575,136	1,032	0,259
3574,803	1,032	0,259
3574,470	1,052	0,259
3574,137	1,032	0,259
3573,804	1,032	0,259
3573,471	1,032	0,259
3573,138	1,032	0,259
3572,805	1,032	0,259
3572,472	1,032	0,259
3572,139	1,032	0,259
3571,806	1,032	0,259
3571,473	1,032	0,259
3571,140	1,032	0,259
3570,807	1,032	0,259
3570,474	1,032	0,259
3570,141	1,032	0,259
3569,808	1,032	0,259
3569,475	1,032	0,259
3569,142	1,032	0,259
3568,809	1,032	0,259
3568,476	1,032	0,259
3568,143	1,032	0,259
3567,810	1,013	0,259
3567,477	0,987	0,259
3567,144	0,968	0,259
3566,811	0,948	0,259
3566,478	0,929	0,259
3566,145	0,890	0,259
3565,812	0,870	0,259
3565,479	0,847	0,259
3565,146	0,827	0,259
3564,813	0,808	0,259
3564,480	0,808	0,259
3564,147	0,788	0,259
3563,814	0,769	0,259
3563,481	0,769	0,259
3563,148	0,749	0,259
3562,815	0,730	0,259
3562,482	0,704	0,259
3562,149	0,704	0,259
3561,816	0,685	0,259
3561,483	0,685	0,259
3561,150	0,665	0,259
3560,817	0,665	0,259
3560,484	0,645	0,259
3560,151	0,645	0,259
3559,818	0,626	0,259
3559,485	0,626	0,259
3559,152	0,606	0,259
3558,819	0,587	0,259
3558,486	0,587	0,259
3558,153	0,564	0,259
3557,820	0,564	0,259
3557,487	0,544	0,259
3557,154	0,544	0,259
3556,821	0,525	0,259
3556,488	0,525	0,259
3556,155	0,505	0,259
3555,822	0,486	0,259
3555,490	0,486	0,259
3555,157	0,466	0,259
3554,824	0,466	0,259
3554,491	0,466	0,259
3554,158	0,446	0,259
3553,825	0,446	0,259
3553,492	0,421	0,259
3553,159	0,421	0,259
3552,826	0,401	0,259
3552,493	0,401	0,259
3552,160	0,382	0,259
3551,827	0,382	0,259
3551,494	0,362	0,259
3551,161	0,362	0,259
3550,828	0,343	0,259
3550,495	0,343	0,259
3550,162	0,343	0,259
3549,829	0,323	0,259
3549,496	0,323	0,259
3549,163	0,323	0,259
3548,830	0,304	0,259
3548,497	0,304	0,259
3548,164	0,304	0,259
3547,831	0,280	0,259
3547,498	0,280	0,259
3547,165	0,261	0,259
3546,832	0,261	0,259
3546,499	0,241	0,259
3546,166	0,241	0,259
3545,833	0,241	0,259
3545,500	0,241	0,259
3545,167	0,222	0,259
3544,834	0,222	0,259
3544,501	0,222	0,259
3544,168	0,202	0,259
3543,835	0,202	0,259
3543,502	0,202	0,259
3543,169	0,183	0,259
3542,836	0,183	0,259
3542,503	0,183	0,259
3542,170	0,183	0,259
3541,837	0,163	0,259
3541,504	0,163	0,259
3541,171	0,163	0,259
3540,838	0,163	0,259
3540,505	0,138	0,259
3540,172	0,138	0,259
3539,839	0,138	0,259
3539,506	0,138	0,259
3539,173	0,138	0,259
3538,840	0,138	0,259
3538,507	0,118	0,259
3538,174	0,118	0,259
3537,841	0,118	0,259
3537,508	0,118	0,259
3537,175	0,118	0,259
3536,842	0,118	0,259
3536,509	0,099	0,259
3536,176	0,099	0,259
3535,843	0,099	0,259
3535,510	0,099	0,259
3535,177	0,099	0,259
3534,844	0,099	0,259
3534,511	0,079	0,259
3534,178	0,079	0,259
3533,845	0,079	0,259
3533,512	0,079	0,259
3533,179	0,079	0,259
3532,846	0,079	0,259
3532,513	0,079	0,259
3532,180	0,079	0,259
3531,847	0,079	0,259
3531,514	0,079	0,259
3531,181	0,079	0,259
3530,848	0,079	0,259
3530,515	0,060	0,259
3530,182	0,060	0,259
3529,849	0,060	0,259
3529,516	0,060	0,259
3529,183	0,060	0,259
3528,850	0,060	0,259
3528,517	0,060	0,259
3528,184	0,060	0,259
3527,851	0,060	0,259
3527,518	0,060	0,259
3527,185	0,060	0,259
3526,852	0,060	0,259
3526,519	0,040	0,259
3526,186	0,060	0,259
3525,853	0,040	0,259
3525,520	0,060	0,259
3525,188	0,040	0,259
3524,855	0,040	0,259
3524,522	0,060	0,259
3524,189	0,040	0,259
3523,856	0,040	0,259
3523,523	0,040	0,259
3523,190	0,040	0,259
3522,857	0,040	0,259
3522,524	0,040	0,259
3522,191	0,040	0,259
3521,858	0,040	0,259
3521,525	0,040	0,259
3521,192	0,040	0,259
3520,859	0,040	0,259
3520,526	0,040	0,259
3520,193	0,040	0,259
3519,860	0,040	0,259
3519,527	0,040	0,259
3519,194	0,040	0,259
3518,861	0,040	0,259
3518,528	0,040	0,259
3518,195	0,040	0,259
3517,862	0,020	0,259
3517,529	0,040	0,259
3517,196	0,040	0,259
3516,863	0,040	0,259
3516,530	0,040	0,259
3516,197	0,040	0,259
3515,864	0,040	0,259
3515,531	0,040	0,259
3515,198	0,040	0,259
3514,865	0,020	0,259
3514,532	0,020	0,259
3514,199	0,040	0,259
3513,866	0,040	0,259
3513,533	0,040	0,259
3513,200	0,040	0,259
3512,867	0,040	0,259
3512,534	0,020	0,259
3512,201	0,040	0,259
3511,868	0,040	0,259
3511,535	0,040	0,259
3511,202	0,040	0,259
3510,869	0,020	0,259
3510,536	0,040	0,259
3510,203	0,020	0,259
3509,870	0,040	0,259
3509,537	0,040	0,259
3509,204	0,040	0,259
3508,871	0,020	0,259
3508,538	0,020	0,259
3508,205	0,020	0,259
3507,872	0,040	0,259
3507,539	0,040	0,259
3507,206	0,020	0,259
3506,873	0,040	0,259
3506,540	0,020	0,259
3506,207	0,020	0,259
3505,874	0,040	0,259
3505,541	0,020	0,259
3505,208	0,020	0,259
3504,875	0,040	0,259
3504,542	0,020	0,259
3504,209	0,020	0,259
3503,876	0,020	0,259
3503,543	0,020	0,259
3503,210	0,020	0,259
3502,877	0,020	0,259
3502,544	0,020	0,259
3502,211	0,020	0,259
3501,878	0,020	0,259
3501,545	0,020	0,259
3501,212	0,020	0,259
3500,879	0,020	0,259
3500,546	0,020	0,259
3500,213	0,020	0,259
3499,880	0,020	0,259
3499,547	0,020	0,259
3499,214	0,020	0,259
3498,881	0,020	0,259
3498,548	0,020	0,259
3498,215	0,020	0,259
3497,882	0,020	0,259
3497,549	0,020	0,259
3497,216	0,020	0,259
3496,883	0,020	0,259
3496,550	0,020	0,259
3496,217	0,020	0,259
3495,884	0,020	0,259
3495,551	0,020	0,259
3495,219	0,020	0,259
3494,886	0,020	0,259
3494,553	0,020	0,259
3494,220	0,020	0,259
3493,887	0,020	0,259
3493,554	0,020	0,259
3493,221	0,020	0,259
3492,888	0,020	0,259
3492,555	0,020	0,259
3492,222	0,020	0,259
3491,889	0,020	0,259
3491,556	0,020	0,259
3491,223	0,020	0,259
3490,890	0,020	0,259
3490,557	0,020	0,259
3490,224	0,020	0,259
3489,891	0,020	0,259
3489,558	0,020	0,259
3489,225	0,020	0,259
3488,892	0,020	0,283
3488,559	0,020	0,259
3488,226	0,020	0,259
3487,893	0,020	0,259
3487,560	0,020	0,259
3487,227	0,020	0,259
3486,894	0,020	0,259
3486,561	0,020	0,259
3486,228	0,020	0,259
3485,895	0,020	0,259
3485,562	0,020	0,259
3485,229	0,020	0,259
3484,896	0,020	0,259
3484,563	0,020	0,259
3484,230	0,020	0,259
3483,897	0,020	0,259
3483,564	0,020	0,259
3483,231	0,020	0,259
3482,898	0,020	0,259
3482,565	0,020	0,259
3482,232	0,020	0,259
3481,899	0,020	0,283
3481,566	0,020	0,259
3481,233	0,020	0,259
3480,900	0,020	0,259
3480,567	0,020	0,259
3480,234	0,020	0,283
3479,901	0,020	0,259
3479,568	0,020	0,259
3479,235	0,020	0,259
3478,902	0,020	0,259
3478,569	0,020	0,259
3478,236	0,020	0,259
3477,903	0,020	0,259
3477,570	0,020	0,259
3477,237	0,020	0,259
3476,904	0,020	0,259
3476,571	0,020	0,259
3476,238	0,020	0,259
3475,905	0,020	0,259
3475,572	0,020	0,259
3475,239	0,020	0,259
3474,906	0,020	0,259
3474,573	0,020	0,259
3474,240	0,020	0,259
3473,907	0,020	0,259
3473,574	0,020	0,259
3473,241	0,020	0,259
3472,908	0,020	0,259
3472,575	0,020	0,259
3472,242	0,020	0,259
3471,909	0,020	0,259
3471,576	0,020	0,259
3471,243	0,020	0,259
3470,910	0,020	0,259
3470,577	0,020	0,259
3470,244	0,020	0,259
3469,911	0,020	0,259
3469,578	0,020	0,259
3469,245	0,020	0,259
3468,912	0,020	0,259
3468,579	0,020	0,259
3468,246	0,020	0,259
3467,913	0,020	0,259
3467,580	0,020	0,259
3467,247	0,020	0,259
3466,914	0,020	0,239
3466,581	0,020	0,259
3466,248	0,020	0,239
3465,915	0,020	0,259
3465,582	0,020	0,259
3465,249	0,020	0,259
3464,917	0,020	0,259
3464,584	0,020	0,259
3464,251	0,020	0,239
3463,918	0,020	0,259
3463,585	0,020	0,259
3463,252	0,020	0,259
3462,919	0,020	0,259
3462,586	0,020	0,259
3462,253	0,020	0,239
3461,920	0,020	0,239
3461,587	0,020	0,259
3461,254	0,020	0,259
3460,921	0,020	0,259
3460,588	0,020	0,259
3460,255	0,020	0,259
3459,922	0,020	0,259
3459,589	0,020	0,259
3459,256	0,020	0,239
3458,923	0,020	0,259
3458,590	0,020	0,259
3458,257	0,020	0,259
3457,924	0,020	0,259
3457,591	0,020	0,259
3457,258	0,020	0,259
3456,925	0,020	0,259
3456,592	0,020	0,259
3456,259	0,020	0,239
3455,926	0,020	0,239
3455,593	0,020	0,259
3455,260	0,020	0,239
3454,927	0,020	0,239
3454,594	0,020	0,239
3454,261	0,020	0,259
3453,928	0,020	0,259
3453,595	0,020	0,259
3453,262	0,020	0,259
3452,929	0,020	0,259
3452,596	0,020	0,259
3452,263	0,020	0,259
3451,930	0,020	0,259
3451,597	0,020	0,259
3451,264	0,020	0,259
3450,931	0,020	0,259
3450,598	0,020	0,259
3450,265	0,040	0,259
3449,932	0,020	0,259
3449,599	0,020	0,259
3449,266	0,020	0,259
3448,933	0,020	0,259
3448,600	0,040	0,259
3448,267	0,020	0,259
3447,934	0,040	0,259
3447,601	0,020	0,259
3447,268	0,020	0,259
3446,935	0,020	0,259
3446,602	0,020	0,259
3446,269	0,040	0,259
3445,936	0,040	0,259
3445,603	0,040	0,259
3445,270	0,040	0,259
3444,937	0,040	0,259
3444,604	0,040	0,259
3444,271	0,040	0,259
3443,938	0,040	0,259
3443,605	0,040	0,259
3443,272	0,040	0,259
3442,939	0,040	0,259
3442,606	0,040	0,259
3442,273	0,040	0,259
3441,940	0,040	0,259
3441,607	0,040	0,259
3441,274	0,060	0,259
3440,941	0,060	0,259
3440,608	0,060	0,259
3440,275	0,060	0,283
3439,942	0,060	0,259
3439,609	0,060	0,259
3439,276	0,079	0,259
3438,943	0,060	0,259
3438,610	0,079	0,259
3438,277	0,079	0,259
3437,944	0,079	0,259
3437,611	0,079	0,259
3437,278	0,079	0,259
3436,945	0,079	0,259
3436,612	0,079	0,259
3436,279	0,099	0,259
3435,946	0,099	0,259
3435,613	0,099	0,259
3435,280	0,099	0,259
3434,947	0,099	0,259
3434,615	0,118	0,259
3434,282	0,118	0,259
3433,949	0,118	0,259
3433,616	0,118	0,259
3433,283	0,118	0,259
3432,950	0,118	0,259
3432,617	0,118	0,259
3432,284	0,138	0,259
3431,951	0,138	0,259
3431,618	0,138	0,259
3431,285	0,138	0,259
3430,952	0,138	0,259
3430,619	0,163	0,259
3430,286	0,138	0,259
3429,953	0,163	0,259
3429,620	0,163	0,259
3429,287	0,163	0,259
3428,954	0,163	0,259
3428,621	0,163	0,259
3428,288	0,183	0,259
3427,955	0,163	0,259
3427,622	0,163	0,259
3427,289	0,163	0,259
3426,956	0,183	0,259
3426,623	0,183	0,259
3426,290	0,183	0,259
3425,957	0,183	0,259
3425,624	0,183	0,259
3425,291	0,183	0,259
3424,958	0,183	0,259
3424,625	0,183	0,259
3424,292	0,183	0,259
3423,959	0,183	0,259
3423,626	0,183	0,259
3423,293	0,183	0,259
3422,960	0,183	0,259
3422,627	0,183	0,259
3422,294	0,202	0,259
3421,961	0,183	0,259
3421,628	0,183	0,259
3421,295	0,183	0,259
3420,962	0,183	0,259
3420,629	0,183	0,259
3420,296	0,183	0,259
3419,963	0,183	0,259
3419,630	0,183	0,259
3419,297	0,183	0,259
3418,964	0,183	0,259
3418,631	0,183	0,259
3418,298	0,183	0,259
3417,965	0,183	0,259
3417,632	0,183	0,259
3417,299	0,183	0,259
3416,966	0,202	0,259
3416,633	0,202	0,259
3416,300	0,202	0,283
3415,967	0,202	0,259
3415,634	0,202	0,259
3415,301	0,202	0,259
3414,968	0,202	0,259
3414,635	0,202	0,259
3414,302	0,222	0,259
3413,969	0,241	0,259
3413,636	0,261	0,259
3413,303	0,304	0,259
3412,970	0,362	0,259
3412,637	0,421	0,259
3412,304	0,486	0,259
3411,971	0,544	0,259
3411,638	0,626	0,259
3411,305	0,665	0,259
3410,972	0,730	0,259
3410,639	0,769	0,259
3410,306	0,827	0,283
3409,973	0,870	0,259
3409,640	0,929	0,259
3409,307	1,013	0,259
3408,974	1,111	0,259
3408,641	1,231	0,259
3408,308	1,355	0,259
3407,975	1,476	0,259
3407,642	1,618	0,259
3407,309	1,720	0,259
3406,976	1,837	0,259
3406,643	1,902	0,259
3406,310	1,960	0,259
3405,977	2,003	0,259
3405,644	2,022	0,259
3405,311	2,042	0,259
3404,978	2,042	0,259
3404,645	2,061	0,259
3404,313	2,061	0,259
3403,980	2,061	0,259
3403,647	2,061	0,259
3403,314	2,061	0,259
3402,981	2,061	0,259
3402,648	2,061	0,259
3402,315	2,061	0,259
3401,982	2,061	0,259
3401,649	2,061	0,259
3401,316	2,081	0,259
3400,983	2,081	0,259
3400,650	2,081	0,259
3400,317	2,061	0,239
3399,984	2,061	0,259
3399,651	2,061	0,259
3399,318	2,061	0,259
3398,985	2,061	0,259
3398,652	2,061	0,259
3398,319	2,061	0,283
3397,986	2,042	0,259
3397,653	2,042	0,259
3397,320	2,042	0,259
3396,987	2,022	0,259
3396,654	2,022	0,259
3396,321	2,022	0,259
3395,988	2,022	0,259
3395,655	2,022	0,259
3395,322	2,022	0,259
3394,989	2,022	0,259
3394,656	2,003	0,259
3394,323	2,003	0,259
3393,990	2,022	0,259
3393,657	2,022	0,259
3393,324	2,042	0,259
3392,991	2,042	0,259
3392,658	2,042	0,259
3392,325	2,061	0,259
3391,992	2,061	0,259
3391,659	2,081	0,259
3391,326	2,081	0,259
3390,993	2,081	0,259
3390,660	2,101	0,259
3390,327	2,120	0,283
3389,994	2,120	0,259
3389,661	2,120	0,259
3389,328	2,146	0,259
3388,995	2,146	0,259
3388,662	2,165	0,259
3388,329	2,165	0,259
3387,996	2,165	0,259
3387,663	2,165	0,259
3387,330	2,146	0,259
3386,997	2,146	0,259
3386,664	2,120	0,259
3386,331	2,081	0,259
3385,998	2,042	0,259
3385,665	1,960	0,259
3385,332	1,862	0,259
3384,999	1,739	0,259
3384,666	1,554	0,259
3384,333	1,394	0,259
3384,000	1,231	0,259
3383,667	1,032	0,259
3383,334	0,827	0,259
3383,001	0,665	0,259
3382,668	0,525	0,259
3382,335	0,421	0,259
3382,002	0,343	0,259
3381,669	0,261	0,259
3381,336	0,202	0,259
3381,003	0,163	0,259
3380,670	0,118	0,259
3380,337	0,118	0,259
3380,004	0,099	0,259
3379,671	0,079	0,259
3379,338	0,060	0,259
3379,005	0,060	0,259
3378,672	0,060	0,259
3378,339	0,040	0,259
3378,006	0,060	0,259
3377,673	0,060	0,259
3377,340	0,060	0,259
3377,007	0,060	0,259
3376,674	0,079	0,259
3376,341	0,060	0,259
3376,008	0,079	0,259
3375,675	0,079	0,259
3375,342	0,079	0,259
3375,009	0,079	0,259
3374,676	0,079	0,259
3374,344	0,079	0,259
3374,011	0,099	0,259
3373,678	0,079	0,259
3373,345	0,079	0,259
3373,012	0,079	0,259
3372,679	0,079	0,259
3372,346	0,079	0,259
3372,013	0,079	0,259
3371,680	0,079	0,259
3371,347	0,060	0,259
3371,014	0,079	0,259
3370,681	0,060	0,259
3370,348	0,060	0,259
3370,015	0,060	0,259
3369,682	0,060	0,259
3369,349	0,060	0,259
3369,016	0,060	0,259
3368,683	0,060	0,259
3368,350	0,060	0,259
3368,017	0,060	0,259
3367,684	0,060	0,259
3367,351	0,060	0,259
3367,018	0,060	0,259
3366,685	0,060	0,259
3366,352	0,060	0,259
3366,019	0,060	0,259
3365,686	0,060	0,259
3365,353	0,060	0,259
3365,020	0,060	0,259
3364,687	0,060	0,259
3364,354	0,060	0,259
3364,021	0,060	0,259
3363,688	0,060	0,259
3363,355	0,060	0,259
3363,022	0,060	0,259
3362,689	0,060	0,259
3362,356	0,060	0,259
3362,023	0,060	0,259
3361,690	0,060	0,259
3361,357	0,060	0,259
3361,024	0,060	0,259
3360,691	0,060	0,259
3360,358	0,060	0,259
3360,025	0,040	0,259
3359,692	0,060	0,259
3359,359	0,060	0,259
3359,026	0,040	0,259
3358,693	0,040	0,259
3358,360	0,040	0,259
3358,027	0,060	0,259
3357,694	0,060	0,259
3357,361	0,040	0,259
3357,028	0,040	0,259
3356,695	0,040	0,259
3356,362	0,060	0,259
3356,029	0,060	0,259
3355,696	0,060	0,259
3355,363	0,060	0,259
3355,030	0,040	0,259
3354,697	0,060	0,259
3354,364	0,060	0,259
3354,031	0,060	0,259
3353,698	0,040	0,259
3353,365	0,040	0,259
3353,032	0,040	0,259
3352,699	0,040	0,259
3352,366	0,040	0,259
3352,033	0,040	0,259
3351,700	0,040	0,259
3351,367	0,040	0,259
3351,034	0,040	0,259
3350,701	0,040	0,259
3350,368	0,040	0,259
3350,035	0,060	0,259
3349,702	0,060	0,259
3349,369	0,060	0,259
3349,036	0,040	0,259
3348,703	0,060	0,259
3348,370	0,060	0,259
3348,037	0,060	0,259
3347,704	0,040	0,259
3347,371	0,040	0,259
3347,038	0,040	0,259
3346,705	0,040	0,259
3346,372	0,020	0,259
3346,039	0,020	0,259
3345,706	0,020	0,259
3345,373	0,020	0,259
3345,040	0,020	0,259
3344,707	0,040	0,259
3344,374	0,060	0,259
3344,042	0,060	0,259
3343,709	0,079	0,259
3343,376	0,118	0,259
3343,043	0,163	0,259
3342,710	0,202	0,259
3342,377	0,280	0,259
3342,044	0,401	0,259
3341,711	0,544	0,259
3341,378	0,704	0,259
3341,045	0,890	0,259
3340,712	1,091	0,259
3340,379	1,316	0,259
3340,046	1,495	0,259
3339,713	1,677	0,259
3339,380	1,817	0,259
3339,047	1,941	0,259
3338,714	2,042	0,259
3338,381	2,120	0,259
3338,048	2,165	0,259
3337,715	2,204	0,259
3337,382	2,224	0,259
3337,049	2,243	0,259
3336,716	2,263	0,259
3336,383	2,263	0,259
3336,050	2,263	0,259
3335,717	2,286	0,259
3335,384	2,286	0,259
3335,051	2,286	0,259
3334,718	2,286	0,259
3334,385	2,263	0,259
3334,052	2,263	0,259
3333,719	2,263	0,259
3333,386	2,263	0,259
3333,053	2,263	0,259
3332,720	2,263	0,259
3332,387	2,263	0,259
3332,054	2,263	0,259
3331,721	2,263	0,259
3331,388	2,263	0,259
3331,055	2,263	0,259
3330,722	2,263	0,259
3330,389	2,263	0,259
3330,056	2,263	0,259
3329,723	2,263	0,259
3329,390	2,263	0,259
3329,057	2,263	0,259
3328,724	2,263	0,259
3328,391	2,243	0,259
3328,058	2,243	0,283
3327,725	2,243	0,283
3327,392	2,224	0,283
3327,059	2,185	0,303
3326,726	2,146	0,322
3326,393	2,081	0,342
3326,060	2,022	0,381
3325,727	1,941	0,425
3325,394	1,798	0,483
3325,061	1,638	0,542
3324,728	1,495	0,625
3324,395	1,335	0,664
3324,062	1,231	0,728
3323,729	1,173	0,747
3323,396	1,212	0,728
3323,063	1,374	0,664
3322,730	1,579	0,566
3322,397	1,778	0,483
3322,064	1,960	0,381
3321,731	2,120	0,322
3321,398	2,185	0,283
3321,065	2,224	0,283
3320,732	2,243	0,283
3320,399	2,224	0,259
3320,066	2,204	0,283
3319,733	2,165	0,303
3319,400	2,061	0,342
3319,067	1,902	0,425
3318,734	1,720	0,503
3318,401	1,515	0,586
3318,068	1,296	0,708
3317,735	1,192	0,747
3317,402	1,192	0,747
3317,069	1,270	0,708
3316,736	1,413	0,645
3316,403	1,554	0,586
3316,070	1,739	0,522
3315,737	1,862	0,444
3315,404	1,980	0,400
3315,071	2,061	0,361
3314,738	2,120	0,322
3314,405	2,165	0,322
3314,072	2,204	0,303
3313,740	2,224	0,283
3313,407	2,224	0,283
3313,074	2,243	0,283
3312,741	2,263	0,259
3312,408	2,263	0,259
3312,075	2,263	0,259
3311,742	2,263	0,259
3311,409	2,286	0,259
3311,076	2,286	0,259
3310,743	2,286	0,259
3310,410	2,286	0,259
3310,077	2,286	0,259
3309,744	2,286	0,259
3309,411	2,263	0,259
3309,078	2,286	0,259
3308,745	2,263	0,259
3308,412	2,286	0,259
3308,079	2,286	0,259
3307,746	2,286	0,259
3307,413	2,263	0,259
3307,080	2,263	0,259
3306,747	2,263	0,259
3306,414	2,263	0,259
3306,081	2,263	0,259
3305,748	2,263	0,259
3305,415	2,263	0,259
3305,082	2,263	0,259
3304,749	2,243	0,259
3304,416	2,243	0,259
3304,083	2,224	0,259
3303,750	2,204	0,259
3303,417	2,165	0,259
3303,084	2,120	0,259
3302,751	2,061	0,259
3302,418	1,980	0,259
3302,085	1,862	0,259
3301,752	1,739	0,259
3301,419	1,579	0,259
3301,086	1,374	0,259
3300,753	1,173	0,259
3300,420	0,948	0,259
3300,087	0,769	0,259
3299,754	0,626	0,259
3299,421	0,486	0,259
3299,088	0,362	0,259
3298,755	0,261	0,259
3298,422	0,183	0,259
3298,089	0,138	0,259
3297,756	0,099	0,259
3297,423	0,079	0,259
3297,090	0,060	0,259
3296,757	0,040	0,259
3296,424	0,040	0,259
3296,091	0,040	0,259
3295,758	0,040	0,259
3295,425	0,040	0,259
3295,092	0,040	0,259
3294,759	0,040	0,259
3294,426	0,040	0,259
3294,093	0,040	0,259
3293,760	0,060	0,259
3293,427	0,060	0,259
3293,094	0,060	0,259
3292,761	0,060	0,259
3292,428	0,060	0,259
3292,095	0,079	0,259
3291,762	0,060	0,259
3291,429	0,079	0,259
3291,096	0,060	0,259
3290,763	0,060	0,259
3290,430	0,060	0,259
3290,097	0,060	0,259
3289,764	0,060	0,259
3289,431	0,040	0,259
3289,098	0,060	0,259
3288,765	0,060	0,259
3288,432	0,040	0,259
3288,099	0,060	0,259
3287,766	0,060	0,259
3287,433	0,060	0,259
3287,100	0,060	0,259
3286,767	0,079	0,259
3286,434	0,060	0,259
3286,101	0,060	0,259
3285,768	0,060	0,259
3285,435	0,060	0,259
3285,102	0,060	0,259
3284,769	0,079	0,259
3284,436	0,060	0,259
3284,103	0,060	0,259
3283,770	0,060	0,259
3283,438	0,060	0,259
3283,105	0,060	0,259
3282,772	0,060	0,259
3282,439	0,060	0,259
3282,106	0,060	0,259
3281,773	0,060	0,259
3281,440	0,079	0,259
3281,107	0,079	0,259
3280,774	0,079	0,259
3280,441	0,079	0,259
3280,108	0,079	0,259
3279,775	0,079	0,259
3279,442	0,079	0,259
3279,109	0,079	0,259
3278,776	0,079	0,259
3278,443	0,079	0,259
3278,110	0,079	0,259
3277,777	0,079	0,259
3277,444	0,079	0,259
3277,111	0,079	0,259
3276,778	0,079	0,259
3276,445	0,079	0,259
3276,112	0,079	0,259
3275,779	0,079	0,259
3275,446	0,079	0,259
3275,113	0,079	0,259
3274,780	0,079	0,259
3274,447	0,079	0,259
3274,114	0,079	0,259
3273,781	0,079	0,259
3273,448	0,079	0,259
3273,115	0,079	0,259
3272,782	0,079	0,259
3272,449	0,079	0,259
3272,116	0,079	0,259
3271,783	0,079	0,259
3271,450	0,079	0,259
3271,117	0,079	0,259
3270,784	0,079	0,259
3270,451	0,079	0,259
3270,118	0,079	0,259
3269,785	0,099	0,259
3269,452	0,099	0,259
3269,119	0,099	0,259
3268,786	0,099	0,259
3268,453	0,099	0,259
3268,120	0,118	0,259
3267,787	0,118	0,259
3267,454	0,118	0,259
3267,121	0,118	0,259
3266,788	0,118	0,259
3266,455	0,118	0,259
3266,122	0,118	0,259
3265,789	0,118	0,259
3265,456	0,118	0,259
3265,123	0,099	0,259
3264,790	0,099	0,259
3264,457	0,099	0,259
3264,124	0,099	0,259
3263,791	0,099	0,259
3263,458	0,079	0,259
3263,125	0,079	0,259
3262,792	0,099	0,259
3262,459	0,099	0,259
3262,126	0,118	0,259
3261,793	0,118	0,259
3261,460	0,138	0,259
3261,127	0,163	0,259
3260,794	0,202	0,259
3260,461	0,241	0,259
3260,128	0,304	0,259
3259,795	0,362	0,259
3259,462	0,421	0,259
3259,129	0,505	0,259
3258,796	0,626	0,259
3258,463	0,769	0,283
3258,130	0,909	0,259
3257,797	1,071	0,259
3257,464	1,251	0,259
3257,131	1,436	0,259
3256,798	1,579	0,259
3256,465	1,720	0,239
3256,132	1,862	0,259
3255,799	1,941	0,259
3255,466	2,022	0,259
3255,133	2,042	0,259
3254,800	2,081	0,259
3254,467	2,101	0,259
3254,134	2,120	0,259
3253,801	2,146	0,259
3253,469	2,146	0,259
3253,136	2,146	0,283
3252,803	2,146	0,259
3252,470	2,120	0,259
3252,137	2,120	0,259
3251,804	2,120	0,259
3251,471	2,120	0,259
3251,138	2,101	0,259
3250,805	2,101	0,259
3250,472	2,101	0,259
3250,139	2,101	0,259
3249,806	2,101	0,259
3249,473	2,081	0,259
3249,140	2,101	0,259
3248,807	2,101	0,259
3248,474	2,081	0,259
3248,141	2,101	0,259
3247,808	2,101	0,259
3247,475	2,101	0,259
3247,142	2,101	0,259
3246,809	2,101	0,259
3246,476	2,101	0,259
3246,143	2,101	0,259
3245,810	2,101	0,259
3245,477	2,101	0,259
3245,144	2,101	0,259
3244,811	2,081	0,259
3244,478	2,081	0,259
3244,145	2,101	0,259
3243,812	2,081	0,259
3243,479	2,081	0,259
3243,146	2,081	0,259
3242,813	2,081	0,259
3242,480	2,081	0,283
3242,147	2,061	0,259
3241,814	2,061	0,259
3241,481	2,061	0,259
3241,148	2,061	0,259
3240,815	2,061	0,259
3240,482	2,061	0,259
3240,149	2,061	0,259
3239,816	2,061	0,259
3239,483	2,061	0,259
3239,150	2,061	0,259
3238,817	2,061	0,259
3238,484	2,061	0,259
3238,151	2,061	0,259
3237,818	2,061	0,259
3237,485	2,081	0,259
3237,152	2,081	0,259
3236,819	2,081	0,259
3236,486	2,081	0,259
3236,153	2,081	0,259
