3386,019	0,222	0,259
3385,852	0,222	0,259
3385,685	0,222	0,259
3385,518	0,222	0,259
3385,351	0,222	0,259
3385,184	0,222	0,259
3385,017	0,222	0,259
3384,850	0,222	0,259
3384,683	0,222	0,259
3384,516	0,222	0,259
3384,348	0,222	0,259
3384,181	0,222	0,259
3384,014	0,222	0,259
3383,847	0,222	0,259
3383,680	0,222	0,259
3383,513	0,222	0,259
3383,346	0,222	0,259
3383,179	0,222	0,259
3383,012	0,222	0,259
3382,845	0,222	0,259
3382,678	0,222	0,259
3382,511	0,222	0,259
3382,343	0,222	0,259
3382,176	0,222	0,259
3382,009	0,222	0,259
3381,842	0,222	0,259
3381,675	0,222	0,259
3381,508	0,222	0,259
3381,341	0,222	0,259
3381,174	0,222	0,259
3381,007	0,222	0,259
3380,840	0,222	0,259
3380,673	0,222	0,259
3380,506	0,222	0,259
3380,338	0,222	0,259
3380,171	0,222	0,259
3380,004	0,222	0,259
3379,837	0,222	0,259
3379,670	0,222	0,259
3379,503	0,222	0,259
3379,336	0,222	0,259
3379,169	0,222	0,259
3379,002	0,222	0,259
3378,835	0,222	0,259
3378,668	0,222	0,259
3378,501	0,222	0,259
3378,333	0,202	0,259
3378,166	0,222	0,259
3377,999	0,202	0,259
3377,832	0,202	0,259
3377,665	0,202	0,259
3377,498	0,183	0,259
3377,331	0,183	0,259
3377,164	0,183	0,259
3376,997	0,163	0,259
3376,830	0,163	0,259
3376,663	0,163	0,259
3376,496	0,163	0,259
3376,328	0,138	0,259
3376,161	0,138	0,259
3375,994	0,118	0,259
3375,827	0,118	0,259
3375,660	0,118	0,259
3375,493	0,118	0,259
3375,326	0,118	0,259
3375,159	0,118	0,259
3374,992	0,099	0,259
3374,825	0,099	0,259
3374,658	0,079	0,259
3374,491	0,099	0,259
3374,323	0,079	0,259
3374,156	0,079	0,259
3373,989	0,079	0,259
3373,822	0,079	0,259
3373,655	0,079	0,259
3373,488	0,079	0,259
3373,321	0,060	0,259
3373,154	0,060	0,259
3372,987	0,060	0,259
3372,820	0,060	0,259
3372,653	0,040	0,259
3372,486	0,040	0,259
3372,318	0,040	0,259
3372,151	0,040	0,259
3371,984	0,040	0,259
3371,817	0,040	0,259
3371,650	0,040	0,259
3371,483	0,020	0,259
3371,316	0,040	0,259
3371,149	0,020	0,259
3370,982	0,020	0,259
3370,815	0,020	0,259
3370,648	0,020	0,259
3370,481	0,020	0,259
3370,313	0,020	0,259
3370,146	0,020	0,259
3369,979	0,020	0,259
3369,812	0,020	0,259
3369,645	0,020	0,259
3369,478	0,020	0,259
3369,311	0,020	0,259
3369,144	0,020	0,259
3368,977	0,001	0,259
3368,810	0,020	0,259
3368,643	0,020	0,259
3368,476	0,001	0,259
3368,308	0,001	0,259
3368,141	0,001	0,259
3367,974	0,020	0,259
3367,807	0,001	0,259
3367,640	0,020	0,259
3367,473	0,001	0,259
3367,306	0,001	0,259
3367,139	0,001	0,259
3366,972	0,001	0,259
3366,805	0,001	0,259
3366,638	0,001	0,259
3366,471	0,001	0,259
3366,303	0,001	0,259
3366,136	0,001	0,259
3365,969	0,001	0,259
3365,802	0,001	0,259
3365,635	0,001	0,259
3365,468	0,001	0,259
3365,301	0,001	0,259
3365,134	0,001	0,259
3364,967	0,001	0,259
3364,800	0,001	0,259
3364,633	0,001	0,259
3364,466	0,001	0,259
3364,298	0,001	0,259
3364,131	0,001	0,259
3363,964	0,001	0,259
3363,797	0,001	0,259
3363,630	0,001	0,259
3363,463	0,001	0,259
3363,296	-0,019	0,259
3363,129	0,001	0,259
3362,962	0,001	0,259
3362,795	0,001	0,259
3362,628	0,001	0,259
3362,461	0,001	0,259
3362,293	-0,019	0,259
3362,126	0,001	0,259
3361,959	0,001	0,259
3361,792	0,001	0,259
3361,625	0,001	0,259
3361,458	0,001	0,259
3361,291	0,001	0,259
3361,124	0,001	0,259
3360,957	0,001	0,259
3360,790	0,001	0,259
3360,623	0,001	0,259
3360,456	0,001	0,259
3360,288	0,001	0,259
3360,121	0,001	0,259
3359,954	0,001	0,259
3359,787	0,001	0,259
3359,620	0,001	0,259
3359,453	0,001	0,259
3359,286	0,001	0,259
3359,119	0,001	0,259
3358,952	0,001	0,259
3358,785	-0,019	0,259
3358,618	0,001	0,259
3358,451	0,001	0,259
3358,283	0,001	0,259
3358,116	0,001	0,259
3357,949	0,001	0,259
3357,782	0,001	0,259
3357,615	-0,019	0,259
3357,448	0,001	0,259
3357,281	-0,019	0,259
3357,114	-0,019	0,259
3356,947	0,001	0,259
3356,780	-0,019	0,259
3356,613	-0,019	0,259
3356,446	0,001	0,259
3356,278	0,001	0,259
3356,111	0,001	0,259
3355,944	-0,019	0,259
3355,777	-0,019	0,259
3355,610	0,001	0,259
3355,443	0,001	0,259
3355,276	0,001	0,259
3355,109	-0,019	0,259
3354,942	0,001	0,259
3354,775	0,001	0,259
3354,608	0,001	0,259
3354,441	0,001	0,259
3354,273	0,001	0,259
3354,106	0,001	0,259
3353,939	0,001	0,259
3353,772	0,001	0,259
3353,605	0,001	0,259
3353,438	0,001	0,259
3353,271	0,001	0,259
3353,104	0,001	0,259
3352,937	0,001	0,259
3352,770	0,001	0,259
3352,603	0,020	0,259
3352,436	0,020	0,259
3352,268	0,020	0,259
3352,101	0,040	0,259
3351,934	0,060	0,259
3351,767	0,060	0,259
3351,600	0,079	0,259
3351,433	0,099	0,259
3351,266	0,118	0,259
3351,099	0,138	0,259
3350,932	0,183	0,259
3350,765	0,202	0,259
3350,598	0,241	0,259
3350,431	0,304	0,259
3350,263	0,343	0,259
3350,096	0,401	0,259
3349,929	0,446	0,259
3349,762	0,486	0,259
3349,595	0,544	0,259
3349,428	0,626	0,259
3349,261	0,685	0,259
3349,094	0,769	0,259
3348,927	0,870	0,259
3348,760	0,948	0,259
3348,593	1,032	0,259
3348,426	1,111	0,259
3348,258	1,192	0,259
3348,091	1,251	0,259
3347,924	1,316	0,259
3347,757	1,394	0,259
3347,590	1,456	0,259
3347,423	1,534	0,259
3347,256	1,599	0,259
3347,089	1,657	0,259
3346,922	1,696	0,259
3346,755	1,739	0,259
3346,588	1,778	0,259
3346,421	1,817	0,259
3346,253	1,862	0,259
3346,086	1,902	0,259
3345,919	1,921	0,259
3345,752	1,960	0,259
3345,585	1,980	0,259
3345,418	2,003	0,259
3345,251	2,003	0,259
3345,084	2,022	0,259
3344,917	2,022	0,259
3344,750	2,042	0,259
3344,583	2,061	0,259
3344,416	2,081	0,259
3344,248	2,101	0,259
3344,081	2,101	0,259
3343,914	2,120	0,259
3343,747	2,120	0,259
3343,580	2,146	0,259
3343,413	2,146	0,259
3343,246	2,146	0,259
3343,079	2,165	0,259
3342,912	2,165	0,259
3342,745	2,185	0,259
3342,578	2,185	0,259
3342,411	2,185	0,259
3342,243	2,185	0,259
3342,076	2,185	0,259
3341,909	2,204	0,259
3341,742	2,204	0,259
3341,575	2,204	0,259
3341,408	2,204	0,259
3341,241	2,204	0,259
3341,074	2,224	0,259
3340,907	2,224	0,259
3340,740	2,243	0,259
3340,573	2,243	0,259
3340,406	2,243	0,259
3340,238	2,243	0,259
3340,071	2,243	0,259
3339,904	2,243	0,259
3339,737	2,243	0,259
3339,570	2,224	0,259
3339,403	2,243	0,259
3339,236	2,243	0,259
3339,069	2,243	0,259
3338,902	2,243	0,259
3338,735	2,243	0,259
3338,568	2,243	0,259
3338,401	2,243	0,259
3338,233	2,243	0,259
3338,066	2,243	0,259
3337,899	2,243	0,259
3337,732	2,243	0,259
3337,565	2,243	0,259
3337,398	2,243	0,259
3337,231	2,243	0,259
3337,064	2,243	0,259
3336,897	2,243	0,259
3336,730	2,243	0,259
3336,563	2,243	0,259
3336,396	2,243	0,259
3336,228	2,243	0,259
3336,061	2,243	0,259
3335,894	2,243	0,259
3335,727	2,243	0,259
3335,560	2,243	0,259
3335,393	2,243	0,259
3335,226	2,243	0,259
3335,059	2,243	0,259
3334,892	2,243	0,259
3334,725	2,243	0,259
3334,558	2,243	0,259
3334,391	2,263	0,259
3334,223	2,243	0,259
3334,056	2,243	0,259
3333,889	2,263	0,259
3333,722	2,263	0,259
3333,555	2,263	0,259
3333,388	2,243	0,259
3333,221	2,263	0,259
3333,054	2,263	0,259
3332,887	2,243	0,259
3332,720	2,243	0,259
3332,553	2,243	0,259
3332,386	2,243	0,259
3332,218	2,243	0,259
3332,051	2,243	0,259
3331,884	2,243	0,283
3331,717	2,243	0,283
3331,550	2,243	0,283
3331,383	2,224	0,259
3331,216	2,224	0,283
3331,049	2,224	0,283
3330,882	2,204	0,283
3330,715	2,185	0,283
3330,548	2,185	0,303
3330,381	2,165	0,303
3330,213	2,146	0,303
3330,046	2,120	0,322
3329,879	2,101	0,322
3329,712	2,081	0,342
3329,545	2,061	0,342
3329,378	2,003	0,361
3329,211	1,941	0,381
3329,044	1,882	0,425
3328,877	1,817	0,444
3328,710	1,720	0,483
3328,543	1,599	0,522
3328,376	1,476	0,586
3328,208	1,335	0,645
3328,041	1,192	0,708
3327,874	1,032	0,767
3327,707	0,890	0,825
3327,540	0,769	0,869
3327,373	0,626	0,947
3327,206	0,466	1,011
3327,039	0,343	1,050
3326,872	0,222	1,108
3326,705	0,118	1,133
3326,538	0,060	1,172
3326,371	0,020	1,172
3326,203	0,060	1,172
3326,036	0,118	1,133
3325,869	0,261	1,069
3325,702	0,421	1,011
3325,535	0,606	0,928
3325,368	0,788	0,850
3325,201	1,013	0,767
3325,034	1,251	0,664
3324,867	1,515	0,542
3324,700	1,696	0,464
3324,533	1,837	0,400
3324,366	1,960	0,361
3324,198	2,061	0,322
3324,031	2,120	0,303
3323,864	2,165	0,283
3323,697	2,185	0,283
3323,530	2,204	0,259
3323,363	2,204	0,259
3323,196	2,204	0,259
3323,029	2,204	0,259
3322,862	2,204	0,259
3322,695	2,204	0,259
3322,528	2,204	0,283
3322,361	2,185	0,283
3322,193	2,120	0,303
3322,026	2,061	0,322
3321,859	1,960	0,361
3321,692	1,837	0,425
3321,525	1,720	0,483
3321,358	1,534	0,542
3321,191	1,335	0,625
3321,024	1,091	0,747
3320,857	0,870	0,825
3320,690	0,626	0,928
3320,523	0,382	1,030
3320,356	0,222	1,089
3320,188	0,118	1,133
3320,021	0,060	1,172
3319,854	0,020	1,191
3319,687	0,020	1,172
3319,520	0,079	1,152
3319,353	0,202	1,108
3319,186	0,362	1,050
3319,019	0,505	0,991
3318,852	0,665	0,908
3318,685	0,827	0,850
3318,518	0,987	0,786
3318,351	1,130	0,728
3318,183	1,270	0,664
3318,016	1,413	0,605
3317,849	1,515	0,566
3317,682	1,618	0,522
3317,515	1,720	0,483
3317,348	1,798	0,444
3317,181	1,882	0,425
3317,014	1,941	0,381
3316,847	2,003	0,361
3316,680	2,042	0,342
3316,513	2,081	0,322
3316,346	2,120	0,322
3316,178	2,146	0,303
3316,011	2,165	0,303
3315,844	2,165	0,303
3315,677	2,185	0,303
3315,510	2,204	0,283
3315,343	2,204	0,283
3315,176	2,224	0,283
3315,009	2,243	0,283
3314,842	2,243	0,259
3314,675	2,243	0,283
3314,508	2,243	0,259
3314,341	2,243	0,259
3314,173	2,243	0,259
3314,006	2,263	0,283
3313,839	2,263	0,259
3313,672	2,263	0,259
3313,505	2,263	0,259
3313,338	2,263	0,259
3313,171	2,263	0,259
3313,004	2,263	0,259
3312,837	2,243	0,259
3312,670	2,263	0,259
3312,503	2,263	0,259
3312,336	2,263	0,259
3312,168	2,263	0,259
3312,001	2,243	0,259
3311,834	2,263	0,283
3311,667	2,263	0,259
3311,500	2,263	0,259
3311,333	2,263	0,259
3311,166	2,263	0,259
3310,999	2,263	0,259
3310,832	2,263	0,283
3310,665	2,263	0,259
3310,498	2,243	0,259
3310,331	2,263	0,259
3310,163	2,263	0,259
3309,996	2,263	0,259
3309,829	2,263	0,259
3309,662	2,243	0,259
3309,495	2,243	0,259
3309,328	2,243	0,259
3309,161	2,243	0,259
3308,994	2,243	0,259
3308,827	2,243	0,259
3308,660	2,243	0,259
3308,493	2,243	0,259
3308,326	2,243	0,259
3308,158	2,243	0,259
3307,991	2,243	0,259
3307,824	2,243	0,259
3307,657	2,243	0,259
3307,490	2,243	0,259
3307,323	2,263	0,259
3307,156	2,243	0,259
3306,989	2,243	0,259
3306,822	2,243	0,259
3306,655	2,243	0,259
3306,488	2,224	0,259
3306,321	2,224	0,259
3306,153	2,224	0,259
3305,986	2,204	0,259
3305,819	2,204	0,259
3305,652	2,185	0,259
3305,485	2,165	0,259
3305,318	2,146	0,259
3305,151	2,120	0,259
3304,984	2,081	0,259
3304,817	2,061	0,259
3304,650	2,022	0,259
3304,483	1,980	0,259
3304,316	1,921	0,259
3304,148	1,862	0,259
3303,981	1,798	0,259
3303,814	1,739	0,259
3303,647	1,638	0,259
3303,480	1,554	0,259
3303,313	1,476	0,259
3303,146	1,374	0,259
3302,979	1,270	0,259
3302,812	1,173	0,259
3302,645	1,071	0,259
3302,478	0,968	0,259
3302,311	0,847	0,259
3302,143	0,769	0,259
3301,976	0,685	0,259
3301,809	0,587	0,259
3301,642	0,525	0,259
3301,475	0,446	0,259
3301,308	0,382	0,259
3301,141	0,323	0,259
3300,974	0,280	0,259
3300,807	0,241	0,259
3300,640	0,202	0,259
3300,473	0,183	0,259
3300,306	0,163	0,259
3300,138	0,118	0,259
3299,971	0,099	0,259
3299,804	0,099	0,259
3299,637	0,079	0,259
3299,470	0,060	0,259
3299,303	0,060	0,259
3299,136	0,040	0,259
3298,969	0,040	0,259
3298,802	0,020	0,259
3298,635	0,020	0,259
3298,468	0,020	0,259
3298,301	0,020	0,259
3298,133	0,020	0,259
3297,966	0,020	0,259
3297,799	0,020	0,259
3297,632	0,020	0,259
3297,465	0,020	0,259
3297,298	0,020	0,259
3297,131	0,020	0,259
3296,964	0,020	0,259
3296,797	0,020	0,259
3296,630	0,020	0,259
3296,463	0,020	0,259
3296,296	0,020	0,259
3296,128	0,040	0,259
3295,961	0,020	0,259
3295,794	0,040	0,259
3295,627	0,040	0,259
3295,460	0,040	0,259
3295,293	0,040	0,259
3295,126	0,040	0,259
