3289,587	0,020	0,059
3289,754	0,020	0,059
3289,921	0,020	0,059
3290,088	0,020	0,039
3290,256	0,020	0,039
3290,423	0,020	0,059
3290,590	0,020	0,059
3290,757	0,020	0,059
3290,924	0,020	0,059
3291,091	0,020	0,039
3291,258	0,020	0,059
3291,425	0,020	0,039
3291,593	0,020	0,039
3291,760	0,020	0,059
3291,927	0,020	0,059
3292,094	0,020	0,059
3292,261	0,020	0,059
3292,428	0,020	0,059
3292,595	0,020	0,059
3292,762	0,020	0,039
3292,929	0,020	0,039
3293,097	0,020	0,039
3293,264	0,020	0,039
3293,431	0,020	0,039
3293,598	0,020	0,039
3293,765	0,020	0,039
3293,932	0,020	0,059
3294,099	0,020	0,059
3294,266	0,020	0,039
3294,433	0,020	0,039
3294,601	0,020	0,039
3294,768	0,020	0,039
3294,935	0,020	0,039
3295,102	0,020	0,039
3295,269	0,020	0,059
3295,436	0,020	0,059
3295,603	0,020	0,039
3295,770	0,020	0,039
3295,937	0,020	0,059
3296,105	0,020	0,039
3296,272	0,020	0,039
3296,439	0,020	0,039
3296,606	0,020	0,059
3296,773	0,020	0,039
3296,940	0,020	0,039
3297,107	0,020	0,059
3297,274	0,020	0,039
3297,441	0,020	0,059
3297,609	0,020	0,039
3297,776	0,020	0,059
3297,943	0,020	0,059
3298,110	0,020	0,059
3298,277	0,020	0,059
3298,444	0,020	0,039
3298,611	0,001	0,059
3298,778	0,001	0,039
3298,945	0,020	0,059
3299,113	0,001	0,059
3299,280	0,001	0,059
3299,447	0,001	0,039
3299,614	0,001	0,039
3299,781	0,001	0,039
3299,948	0,001	0,039
3300,115	0,001	0,059
3300,282	0,001	0,039
3300,449	0,001	0,059
3300,617	0,001	0,059
3300,784	0,001	0,039
3300,951	0,001	0,039
3301,118	0,001	0,039
3301,285	0,001	0,039
3301,452	0,001	0,039
3301,619	0,001	0,039
3301,786	-0,019	0,039
3301,953	0,001	0,039
3302,121	0,001	0,039
3302,288	0,001	0,039
3302,455	0,001	0,039
3302,622	0,001	0,039
3302,789	0,001	0,059
3302,956	0,001	0,039
3303,123	0,001	0,059
3303,290	0,001	0,059
3303,457	-0,019	0,039
3303,625	0,001	0,059
3303,792	-0,019	0,039
3303,959	0,001	0,059
3304,126	0,001	0,059
3304,293	0,001	0,059
3304,460	0,001	0,059
3304,627	0,001	0,059
3304,794	0,001	0,059
3304,961	0,001	0,059
3305,129	0,001	0,039
3305,296	-0,019	0,039
3305,463	-0,019	0,039
3305,630	-0,019	0,039
3305,797	0,001	0,059
3305,964	-0,019	0,039
3306,131	0,001	0,039
3306,298	0,001	0,059
3306,466	0,001	0,039
3306,633	0,001	0,039
3306,800	0,001	0,039
3306,967	0,001	0,059
3307,134	-0,019	0,039
3307,301	-0,019	0,039
3307,468	0,001	0,059
3307,635	-0,019	0,039
3307,802	0,001	0,059
3307,970	0,001	0,059
3308,137	0,001	0,039
3308,304	0,001	0,039
3308,471	-0,019	0,039
3308,638	0,001	0,059
3308,805	-0,019	0,039
3308,972	0,001	0,059
3309,139	0,001	0,039
3309,306	0,001	0,039
3309,474	0,001	0,059
3309,641	0,001	0,059
3309,808	0,001	0,059
3309,975	0,001	0,039
3310,142	-0,019	0,039
3310,309	0,001	0,059
3310,476	0,001	0,059
3310,643	0,001	0,059
3310,810	0,001	0,059
3310,978	0,001	0,059
3311,145	0,001	0,059
3311,312	0,001	0,059
3311,479	0,001	0,059
3311,646	0,001	0,059
3311,813	-0,019	0,059
3311,980	0,001	0,059
3312,147	-0,019	0,039
3312,314	0,001	0,059
3312,482	-0,019	0,039
3312,649	0,001	0,039
3312,816	0,001	0,059
3312,983	-0,019	0,039
3313,150	-0,019	0,059
3313,317	-0,019	0,039
3313,484	0,001	0,059
3313,651	-0,019	0,059
3313,818	-0,019	0,039
3313,986	0,001	0,059
3314,153	0,001	0,039
3314,320	-0,019	0,039
3314,487	0,001	0,059
3314,654	-0,019	0,039
3314,821	-0,019	0,039
3314,988	-0,019	0,039
3315,155	-0,019	0,039
3315,322	-0,019	0,059
3315,490	-0,019	0,039
3315,657	0,001	0,059
3315,824	0,001	0,059
3315,991	0,001	0,059
3316,158	0,001	0,059
3316,325	0,001	0,059
3316,492	0,001	0,059
3316,659	0,001	0,039
3316,826	-0,019	0,039
3316,994	0,001	0,059
3317,161	0,001	0,059
3317,328	0,001	0,059
3317,495	-0,019	0,039
3317,662	0,001	0,059
3317,829	0,001	0,039
3317,996	0,001	0,059
3318,163	0,001	0,039
3318,330	0,001	0,039
3318,498	0,001	0,059
3318,665	0,001	0,059
3318,832	0,001	0,059
3318,999	0,001	0,039
3319,166	0,001	0,059
3319,333	0,020	0,059
3319,500	0,020	0,059
3319,667	0,020	0,059
3319,834	0,020	0,039
3320,002	0,020	0,059
3320,169	0,020	0,059
3320,336	0,020	0,039
3320,503	0,040	0,059
3320,670	0,040	0,059
3320,837	0,060	0,059
3321,004	0,060	0,039
3321,171	0,079	0,059
3321,338	0,079	0,039
3321,506	0,079	0,039
3321,673	0,079	0,059
3321,840	0,099	0,039
3322,007	0,118	0,059
3322,174	0,118	0,059
3322,341	0,138	0,059
3322,508	0,138	0,039
3322,675	0,183	0,039
3322,843	0,202	0,059
3323,010	0,202	0,059
3323,177	0,222	0,039
3323,344	0,241	0,039
3323,511	0,280	0,059
3323,678	0,280	0,039
3323,845	0,323	0,059
3324,012	0,343	0,039
3324,179	0,382	0,039
3324,347	0,446	0,059
3324,514	0,466	0,039
3324,681	0,505	0,059
3324,848	0,544	0,039
3325,015	0,564	0,039
3325,182	0,606	0,039
3325,349	0,645	0,039
3325,516	0,685	0,039
3325,683	0,730	0,059
3325,851	0,769	0,039
3326,018	0,808	0,059
3326,185	0,847	0,039
3326,352	0,909	0,059
3326,519	0,929	0,039
3326,686	0,968	0,039
3326,853	1,013	0,059
3327,020	1,032	0,039
3327,187	1,052	0,059
3327,355	1,091	0,039
3327,522	1,111	0,059
3327,689	1,153	0,059
3327,856	1,192	0,039
3328,023	1,212	0,039
3328,190	1,231	0,039
3328,357	1,270	0,059
3328,524	1,270	0,039
3328,691	1,316	0,059
3328,859	1,316	0,059
3329,026	1,335	0,039
3329,193	1,355	0,059
3329,360	1,374	0,059
3329,527	1,374	0,039
3329,694	1,374	0,059
3329,861	1,394	0,059
3330,028	1,374	0,039
3330,195	1,394	0,039
3330,363	1,394	0,059
3330,530	1,394	0,039
3330,697	1,413	0,039
3330,864	1,413	0,039
3331,031	1,413	0,039
3331,198	1,413	0,039
3331,365	1,413	0,059
3331,532	1,413	0,039
3331,699	1,413	0,039
3331,867	1,413	0,039
3332,034	1,413	0,039
3332,201	1,413	0,059
3332,368	1,413	0,059
3332,535	1,413	0,039
3332,702	1,413	0,039
3332,869	1,413	0,039
3333,036	1,413	0,059
3333,203	1,413	0,059
3333,371	1,413	0,059
3333,538	1,436	0,059
3333,705	1,413	0,059
3333,872	1,413	0,059
3334,039	1,413	0,059
3334,206	1,413	0,059
3334,373	1,436	0,059
3334,540	1,413	0,059
3334,707	1,413	0,059
3334,875	1,436	0,059
3335,042	1,413	0,039
3335,209	1,413	0,039
3335,376	1,413	0,059
3335,543	1,413	0,059
3335,710	1,413	0,059
3335,877	1,413	0,059
3336,044	1,413	0,039
3336,211	1,413	0,039
3336,379	1,413	0,059
3336,546	1,413	0,059
3336,713	1,413	0,039
3336,880	1,413	0,039
3337,047	1,413	0,059
3337,214	1,413	0,059
3337,381	1,413	0,059
3337,548	1,413	0,059
3337,716	1,413	0,039
3337,883	1,413	0,039
3338,050	1,413	0,039
3338,217	1,413	0,059
3338,384	1,413	0,059
3338,551	1,413	0,059
3338,718	1,413	0,059
3338,885	1,436	0,059
3339,052	1,436	0,039
3339,220	1,436	0,059
3339,387	1,436	0,059
3339,554	1,456	0,059
3339,721	1,456	0,039
3339,888	1,476	0,059
3340,055	1,476	0,039
3340,222	1,495	0,039
3340,389	1,515	0,039
3340,556	1,515	0,039
3340,724	1,534	0,039
3340,891	1,554	0,059
3341,058	1,599	0,059
3341,225	1,638	0,059
3341,392	1,657	0,059
3341,559	1,696	0,039
3341,726	1,759	0,059
3341,893	1,798	0,039
3342,060	1,862	0,059
3342,228	1,921	0,039
3342,395	2,003	0,059
3342,562	2,081	0,059
3342,729	2,165	0,039
3342,896	2,243	0,039
3343,063	2,364	0,059
3343,230	2,487	0,059
3343,397	2,608	0,059
3343,564	2,751	0,059
3343,732	2,852	0,059
3343,899	2,970	0,039
3344,066	3,112	0,059
3344,233	3,233	0,059
3344,400	3,357	0,059
3344,567	3,497	0,059
3344,734	3,640	0,059
3344,901	3,800	0,039
3345,068	3,923	0,039
3345,236	4,063	0,059
3345,403	4,187	0,059
3345,570	4,308	0,039
3345,737	4,431	0,059
3345,904	4,552	0,059
3346,071	4,649	0,039
3346,238	4,734	0,059
3346,405	4,792	0,059
3346,572	4,835	0,059
3346,740	4,874	0,059
3346,907	4,913	0,059
3347,074	4,952	0,059
3347,241	4,978	0,059
3347,408	4,978	0,039
3347,575	4,978	0,059
3347,742	4,978	0,059
3347,909	4,952	0,039
3348,076	4,952	0,059
3348,244	4,913	0,059
3348,411	4,874	0,059
3348,578	4,835	0,039
3348,745	4,773	0,059
3348,912	4,695	0,039
3349,079	4,591	0,059
3349,246	4,470	0,059
3349,413	4,366	0,059
3349,580	4,245	0,059
3349,748	4,102	0,059
3349,915	3,962	0,039
3350,082	3,845	0,059
3350,249	3,679	0,059
3350,416	3,517	0,059
3350,583	3,337	0,059
3350,750	3,175	0,059
3350,917	3,034	0,059
3351,084	2,911	0,059
3351,252	2,771	0,059
3351,419	2,647	0,059
3351,586	2,507	0,059
3351,753	2,384	0,059
3351,920	2,286	0,059
3352,087	2,185	0,059
3352,254	2,101	0,059
3352,421	2,003	0,059
3352,588	1,921	0,059
3352,756	1,862	0,039
3352,923	1,798	0,059
3353,090	1,720	0,039
3353,257	1,677	0,039
3353,424	1,638	0,059
3353,591	1,618	0,059
3353,758	1,579	0,059
3353,925	1,554	0,059
3354,093	1,534	0,059
3354,260	1,495	0,059
3354,427	1,476	0,039
3354,594	1,476	0,039
3354,761	1,456	0,039
3354,928	1,456	0,059
3355,095	1,436	0,059
3355,262	1,436	0,059
3355,429	1,436	0,059
3355,597	1,436	0,059
3355,764	1,413	0,039
3355,931	1,413	0,039
3356,098	1,413	0,039
3356,265	1,413	0,059
3356,432	1,413	0,059
3356,599	1,413	0,059
3356,766	1,394	0,039
3356,933	1,413	0,059
3357,101	1,413	0,059
3357,268	1,394	0,039
3357,435	1,394	0,059
3357,602	1,394	0,059
3357,769	1,413	0,059
3357,936	1,394	0,059
3358,103	1,394	0,039
3358,270	1,394	0,039
3358,437	1,394	0,039
3358,605	1,394	0,039
3358,772	1,394	0,039
3358,939	1,394	0,059
3359,106	1,394	0,039
3359,273	1,394	0,059
3359,440	1,394	0,059
3359,607	1,394	0,039
3359,774	1,394	0,059
3359,941	1,394	0,039
3360,109	1,394	0,059
3360,276	1,394	0,059
3360,443	1,394	0,059
3360,610	1,394	0,059
3360,777	1,413	0,059
3360,944	1,394	0,059
3361,111	1,394	0,039
3361,278	1,394	0,059
3361,445	1,394	0,039
3361,613	1,394	0,039
3361,780	1,394	0,039
3361,947	1,413	0,059
3362,114	1,413	0,059
3362,281	1,413	0,039
3362,448	1,413	0,059
3362,615	1,413	0,039
3362,782	1,413	0,059
3362,949	1,413	0,059
3363,117	1,413	0,059
3363,284	1,413	0,039
3363,451	1,413	0,059
3363,618	1,413	0,059
3363,785	1,413	0,059
3363,952	1,413	0,059
3364,119	1,413	0,059
3364,286	1,413	0,039
3364,453	1,413	0,059
3364,621	1,413	0,039
3364,788	1,413	0,039
3364,955	1,413	0,059
3365,122	1,413	0,039
3365,289	1,413	0,059
3365,456	1,413	0,059
3365,623	1,394	0,059
3365,790	1,394	0,039
3365,957	1,374	0,039
3366,125	1,374	0,059
3366,292	1,355	0,059
3366,459	1,335	0,059
3366,626	1,316	0,039
3366,793	1,316	0,059
3366,960	1,296	0,059
3367,127	1,251	0,039
3367,294	1,231	0,059
3367,461	1,212	0,059
3367,629	1,192	0,059
3367,796	1,153	0,039
3367,963	1,130	0,059
3368,130	1,091	0,059
3368,297	1,052	0,039
3368,464	1,013	0,059
3368,631	0,948	0,039
3368,798	0,909	0,059
3368,966	0,847	0,059
3369,133	0,788	0,059
3369,300	0,730	0,039
3369,467	0,685	0,039
3369,634	0,665	0,059
3369,801	0,606	0,039
3369,968	0,564	0,059
3370,135	0,525	0,039
3370,302	0,466	0,039
3370,470	0,421	0,039
3370,637	0,401	0,059
3370,804	0,362	0,039
3370,971	0,343	0,059
3371,138	0,304	0,059
3371,305	0,280	0,039
3371,472	0,241	0,059
3371,639	0,241	0,059
3371,806	0,202	0,059
3371,974	0,202	0,059
3372,141	0,183	0,039
3372,308	0,163	0,039
3372,475	0,138	0,039
3372,642	0,138	0,039
3372,809	0,118	0,039
3372,976	0,118	0,059
3373,143	0,118	0,059
3373,310	0,118	0,039
3373,478	0,118	0,059
3373,645	0,118	0,059
3373,812	0,099	0,039
3373,979	0,099	0,039
3374,146	0,118	0,059
3374,313	0,099	0,039
3374,480	0,118	0,039
3374,647	0,118	0,059
3374,814	0,099	0,039
3374,982	0,099	0,039
3375,149	0,118	0,059
3375,316	0,118	0,059
3375,483	0,118	0,059
3375,650	0,118	0,059
3375,817	0,118	0,059
3375,984	0,118	0,039
3376,151	0,118	0,039
3376,318	0,138	0,059
3376,486	0,138	0,059
3376,653	0,138	0,059
3376,820	0,138	0,059
3376,987	0,138	0,059
3377,154	0,138	0,039
3377,321	0,138	0,059
3377,488	0,163	0,059
3377,655	0,163	0,059
3377,822	0,163	0,059
3377,990	0,163	0,059
3378,157	0,163	0,059
3378,324	0,163	0,059
3378,491	0,163	0,059
3378,658	0,163	0,039
3378,825	0,163	0,059
3378,992	0,163	0,059
3379,159	0,163	0,039
3379,326	0,163	0,059
3379,494	0,163	0,059
3379,661	0,163	0,059
3379,828	0,163	0,059
3379,995	0,163	0,039
3380,162	0,163	0,059
3380,329	0,163	0,059
3380,496	0,163	0,059
3380,663	0,163	0,039
3380,830	0,163	0,059
3380,998	0,163	0,059
3381,165	0,163	0,039
3381,332	0,163	0,059
3381,499	0,163	0,059
3381,666	0,163	0,059
3381,833	0,183	0,059
3382,000	0,183	0,059
3382,167	0,163	0,059
3382,334	0,183	0,059
3382,502	0,163	0,039
3382,669	0,183	0,059
3382,836	0,183	0,059
3383,003	0,183	0,059
3383,170	0,183	0,039
3383,337	0,183	0,059
