3367,363	0,486	-0,020
3367,029	0,486	-0,020
3366,695	0,486	-0,020
3366,361	0,486	-0,020
3366,027	0,486	-0,020
3365,693	0,486	-0,020
3365,359	0,486	-0,020
3365,025	0,486	-0,020
3364,691	0,486	-0,020
3364,357	0,486	-0,020
3364,023	0,486	-0,020
3363,689	0,486	-0,020
3363,355	0,486	-0,020
3363,021	0,486	-0,020
3362,687	0,486	-0,020
3362,353	0,486	-0,020
3362,019	0,486	-0,020
3361,685	0,486	-0,020
3361,351	0,486	-0,020
3361,017	0,486	-0,020
3360,683	0,486	-0,020
3360,349	0,505	0,000
3360,015	0,486	0,000
3359,681	0,486	-0,020
3359,347	0,486	0,000
3359,014	0,486	-0,020
3358,680	0,486	-0,020
3358,346	0,505	-0,020
3358,012	0,525	-0,020
3357,678	0,564	-0,020
3357,344	0,626	-0,020
3357,010	0,685	-0,020
3356,676	0,769	0,000
3356,342	0,847	-0,020
3356,008	0,987	-0,020
3355,674	1,153	-0,020
3355,340	1,316	-0,020
3355,006	1,476	-0,020
3354,672	1,677	-0,020
3354,338	2,003	-0,020
3354,004	2,325	0,000
3353,670	2,589	-0,020
3353,336	2,931	0,000
3353,002	3,233	-0,020
3352,668	3,562	0,000
3352,334	3,864	-0,020
3352,000	4,167	0,000
3351,666	4,347	-0,020
3351,332	4,552	-0,020
3350,998	4,695	-0,020
3350,664	4,835	-0,020
3350,330	4,933	0,000
3349,997	4,997	-0,020
3349,663	5,056	-0,020
3349,329	5,095	-0,020
3348,995	5,138	-0,020
3348,661	5,157	-0,020
3348,327	5,177	-0,020
3347,993	5,196	-0,020
3347,659	5,196	-0,020
3347,325	5,196	-0,020
3346,991	5,216	-0,020
3346,657	5,235	-0,020
3346,323	5,235	-0,020
3345,989	5,216	-0,020
3345,655	5,235	-0,020
3345,321	5,235	0,000
3344,987	5,235	0,000
3344,653	5,235	-0,020
3344,319	5,235	-0,020
3343,985	5,235	-0,020
3343,651	5,235	-0,020
3343,317	5,235	-0,020
3342,983	5,235	-0,020
3342,649	5,235	-0,020
3342,315	5,216	-0,020
3341,981	5,235	-0,020
3341,647	5,235	-0,020
3341,314	5,235	-0,020
3340,980	5,235	0,000
3340,646	5,235	0,000
3340,312	5,235	-0,020
3339,978	5,235	0,000
3339,644	5,235	0,000
3339,310	5,235	0,000
3338,976	5,235	0,000
3338,642	5,235	0,000
3338,308	5,216	0,020
3337,974	5,196	0,039
3337,640	5,196	0,059
3337,306	5,157	0,098
3336,972	5,118	0,142
3336,638	5,056	0,200
3336,304	4,978	0,283
3335,970	4,874	0,361
3335,636	4,714	0,522
3335,302	4,489	0,767
3334,968	4,206	1,050
3334,634	3,923	1,333
3334,300	3,536	1,738
3333,966	3,034	2,222
3333,632	2,487	2,769
3333,298	1,882	3,374
3332,964	1,335	3,901
3332,631	0,847	4,390
3332,297	0,486	4,751
3331,963	0,202	5,015
3331,629	0,040	5,176
3331,295	0,001	5,195
3330,961	0,060	5,176
3330,627	0,118	5,098
3330,293	0,183	5,054
3329,959	0,202	5,015
3329,625	0,202	5,015
3329,291	0,163	5,078
3328,957	0,079	5,137
3328,623	0,001	5,195
3328,289	0,001	5,220
3327,955	0,118	5,098
3327,621	0,362	4,873
3327,287	0,704	4,531
3326,953	1,071	4,165
3326,619	1,554	3,701
3326,285	2,022	3,232
3325,951	2,608	2,646
3325,617	3,155	2,100
3325,283	3,536	1,699
3324,949	3,864	1,372
3324,615	4,206	1,030
3324,281	4,489	0,747
3323,948	4,649	0,566
3323,614	4,812	0,425
3323,280	4,913	0,322
3322,946	4,997	0,220
3322,612	5,056	0,161
3322,278	5,118	0,098
3321,944	5,157	0,078
3321,610	5,177	0,039
3321,276	5,196	0,020
3320,942	5,196	0,020
3320,608	5,216	0,020
3320,274	5,196	0,000
3319,940	5,235	0,000
3319,606	5,235	0,000
3319,272	5,235	0,000
3318,938	5,235	-0,020
3318,604	5,235	-0,020
3318,270	5,235	0,000
3317,936	5,235	-0,020
3317,602	5,235	-0,020
3317,268	5,235	0,000
3316,934	5,235	0,000
3316,600	5,235	-0,020
3316,266	5,235	-0,020
3315,932	5,235	-0,020
3315,598	5,261	0,000
3315,264	5,261	-0,020
3314,931	5,261	0,000
3314,597	5,261	-0,020
3314,263	5,261	0,000
3313,929	5,261	0,000
3313,595	5,261	0,000
3313,261	5,261	0,000
3312,927	5,261	-0,020
3312,593	5,261	-0,020
3312,259	5,261	-0,020
3311,925	5,261	0,000
3311,591	5,261	-0,020
3311,257	5,261	-0,020
3310,923	5,261	-0,020
3310,589	5,235	-0,020
3310,255	5,261	0,000
3309,921	5,235	-0,020
3309,587	5,235	-0,020
3309,253	5,235	-0,020
3308,919	5,235	0,000
3308,585	5,235	-0,020
3308,251	5,235	-0,020
3307,917	5,235	-0,020
3307,583	5,216	-0,020
3307,249	5,216	0,000
3306,915	5,196	-0,020
3306,581	5,177	-0,020
3306,248	5,177	0,000
3305,914	5,177	0,000
3305,580	5,138	-0,020
3305,246	5,138	0,000
3304,912	5,075	0,000
3304,578	5,036	-0,020
3304,244	4,997	-0,020
3303,910	4,913	-0,020
3303,576	4,812	-0,020
3303,242	4,695	0,000
3302,908	4,509	-0,020
3302,574	4,327	-0,020
3302,240	4,083	-0,020
3301,906	3,800	-0,020
3301,572	3,477	0,000
3301,238	3,093	-0,020
3300,904	2,732	-0,020
3300,570	2,364	-0,020
3300,236	2,042	-0,020
3299,902	1,759	-0,020
3299,568	1,476	-0,020
3299,234	1,192	0,000
3298,900	0,929	-0,020
3298,566	0,749	0,000
3298,232	0,626	-0,020
3297,898	0,505	-0,020
3297,565	0,446	-0,020
3297,231	0,362	-0,020
3296,897	0,343	-0,020
3296,563	0,304	-0,020
3296,229	0,280	-0,020
3295,895	0,280	-0,020
3295,561	0,304	-0,020
3295,227	0,304	-0,020
3294,893	0,323	-0,020
