3382,842	2,448	-0,020
3382,758	2,448	0,000
3382,674	2,448	-0,020
3382,591	2,448	-0,020
3382,507	2,448	-0,020
3382,423	2,448	-0,020
3382,339	2,448	-0,020
3382,256	2,448	-0,020
3382,172	2,448	0,000
3382,088	2,448	-0,020
3382,005	2,448	-0,020
3381,921	2,448	-0,020
3381,837	2,448	-0,020
3381,754	2,448	0,000
3381,670	2,448	0,000
3381,586	2,448	-0,020
3381,503	2,448	0,000
3381,419	2,448	-0,020
3381,335	2,448	-0,020
3381,252	2,448	0,000
3381,168	2,429	-0,020
3381,084	2,448	-0,020
3381,001	2,448	0,000
3380,917	2,429	-0,020
3380,833	2,429	-0,020
3380,749	2,448	0,000
3380,666	2,448	-0,020
3380,582	2,429	0,000
3380,498	2,448	0,000
3380,415	2,429	0,000
3380,331	2,429	-0,020
3380,247	2,448	0,000
3380,164	2,429	-0,020
3380,080	2,429	-0,020
3379,996	2,448	0,000
3379,913	2,429	-0,020
3379,829	2,429	-0,020
3379,745	2,448	0,000
3379,662	2,429	-0,020
3379,578	2,448	-0,020
3379,494	2,429	-0,020
3379,411	2,429	-0,020
3379,327	2,429	-0,020
3379,243	2,429	0,000
3379,160	2,429	-0,020
3379,076	2,429	-0,020
3378,992	2,429	0,000
3378,908	2,429	0,000
3378,825	2,429	-0,020
3378,741	2,429	-0,020
3378,657	2,429	-0,020
3378,574	2,429	-0,020
3378,490	2,429	-0,020
3378,406	2,429	-0,020
3378,323	2,429	-0,020
3378,239	2,448	0,000
3378,155	2,429	-0,020
3378,072	2,429	-0,020
3377,988	2,429	0,000
3377,904	2,429	-0,020
3377,821	2,429	-0,020
3377,737	2,429	-0,020
3377,653	2,429	-0,020
3377,570	2,429	-0,020
3377,486	2,429	0,000
3377,402	2,429	-0,020
3377,318	2,429	0,000
3377,235	2,448	0,000
3377,151	2,429	-0,020
3377,067	2,429	0,000
3376,984	2,429	-0,020
3376,900	2,429	-0,020
3376,816	2,429	-0,020
3376,733	2,448	-0,020
3376,649	2,429	-0,020
3376,565	2,429	-0,020
3376,482	2,429	-0,020
3376,398	2,429	-0,020
3376,314	2,429	-0,020
3376,231	2,448	-0,020
3376,147	2,448	-0,020
3376,063	2,448	-0,020
3375,980	2,429	0,000
3375,896	2,429	-0,020
3375,812	2,429	0,000
3375,729	2,403	-0,020
3375,645	2,384	-0,020
3375,561	2,384	0,000
3375,477	2,364	-0,020
3375,394	2,345	-0,020
3375,310	2,345	-0,020
3375,226	2,306	-0,020
3375,143	2,286	-0,020
3375,059	2,263	-0,020
3374,975	2,243	-0,020
3374,892	2,224	-0,020
3374,808	2,224	0,000
3374,724	2,185	-0,020
3374,641	2,165	0,000
3374,557	2,146	0,000
3374,473	2,120	-0,020
3374,390	2,101	0,000
3374,306	2,061	-0,020
3374,222	2,061	-0,020
3374,139	2,042	-0,020
3374,055	2,003	0,000
3373,971	1,980	-0,020
3373,887	1,960	-0,020
3373,804	1,941	-0,020
3373,720	1,921	-0,020
3373,636	1,902	-0,020
3373,553	1,882	-0,020
3373,469	1,862	-0,020
3373,385	1,837	-0,020
3373,302	1,817	-0,020
3373,218	1,798	-0,020
3373,134	1,798	0,000
3373,051	1,759	-0,020
3372,967	1,739	-0,020
3372,883	1,720	-0,020
3372,800	1,696	0,000
3372,716	1,677	-0,020
3372,632	1,657	-0,020
3372,549	1,657	-0,020
3372,465	1,638	-0,020
3372,381	1,618	-0,020
3372,298	1,579	-0,020
3372,214	1,579	-0,020
3372,130	1,534	-0,020
3372,046	1,515	-0,020
3371,963	1,495	-0,020
3371,879	1,476	-0,020
3371,795	1,456	-0,020
3371,712	1,436	-0,020
3371,628	1,413	-0,020
3371,544	1,394	-0,020
3371,461	1,374	-0,020
3371,377	1,355	-0,020
3371,293	1,335	-0,020
3371,210	1,316	-0,020
3371,126	1,296	-0,020
3371,042	1,270	-0,020
3370,959	1,251	0,000
3370,875	1,231	-0,020
3370,791	1,212	-0,020
3370,708	1,212	0,000
3370,624	1,173	-0,020
3370,540	1,153	-0,020
3370,456	1,153	0,000
3370,373	1,130	0,000
3370,289	1,091	-0,020
3370,205	1,091	-0,020
3370,122	1,071	-0,020
3370,038	1,052	-0,020
3369,954	1,052	0,000
3369,871	1,032	-0,020
3369,787	1,013	-0,020
3369,703	0,987	-0,020
3369,620	0,968	-0,020
3369,536	0,948	-0,020
3369,452	0,948	0,000
3369,369	0,929	-0,020
3369,285	0,909	-0,020
3369,201	0,909	-0,020
3369,118	0,890	-0,020
3369,034	0,870	-0,020
3368,950	0,847	-0,020
3368,867	0,847	-0,020
3368,783	0,827	-0,020
3368,699	0,808	-0,020
3368,615	0,808	-0,020
3368,532	0,808	-0,020
3368,448	0,769	-0,020
3368,364	0,769	0,000
3368,281	0,769	-0,020
3368,197	0,749	-0,020
3368,113	0,749	-0,020
3368,030	0,730	-0,020
3367,946	0,730	0,000
3367,862	0,704	-0,020
3367,779	0,685	-0,020
3367,695	0,685	-0,020
3367,611	0,685	-0,020
3367,528	0,665	-0,020
3367,444	0,645	-0,020
3367,360	0,645	-0,020
3367,277	0,645	-0,020
3367,193	0,626	-0,020
3367,109	0,626	0,000
3367,026	0,626	-0,020
3366,942	0,606	-0,020
3366,858	0,606	-0,020
3366,774	0,606	-0,020
3366,691	0,587	-0,020
3366,607	0,587	-0,020
3366,523	0,587	0,000
3366,440	0,564	-0,020
3366,356	0,564	-0,020
3366,272	0,564	-0,020
3366,189	0,564	0,000
3366,105	0,544	-0,020
3366,021	0,544	-0,020
3365,938	0,544	-0,020
3365,854	0,544	-0,020
3365,770	0,544	-0,020
3365,687	0,525	-0,020
3365,603	0,525	-0,020
3365,519	0,525	-0,020
3365,436	0,525	-0,020
3365,352	0,505	-0,020
3365,268	0,525	-0,020
3365,184	0,505	-0,020
3365,101	0,505	-0,020
3365,017	0,505	-0,020
3364,933	0,505	0,000
3364,850	0,486	-0,020
3364,766	0,486	-0,020
3364,682	0,486	-0,020
3364,599	0,486	-0,020
3364,515	0,486	0,000
3364,431	0,486	0,000
3364,348	0,466	-0,020
3364,264	0,466	-0,020
3364,180	0,466	0,000
3364,097	0,466	-0,020
3364,013	0,446	-0,020
3363,929	0,446	-0,020
3363,846	0,446	-0,020
3363,762	0,446	-0,020
3363,678	0,446	0,000
3363,595	0,446	-0,020
3363,511	0,421	-0,020
3363,427	0,421	-0,020
3363,343	0,421	-0,020
3363,260	0,421	-0,020
3363,176	0,421	0,000
3363,092	0,401	0,000
3363,009	0,421	-0,020
3362,925	0,401	0,000
3362,841	0,401	-0,020
3362,758	0,401	-0,020
3362,674	0,401	0,000
3362,590	0,382	-0,020
3362,507	0,382	-0,020
3362,423	0,382	0,000
3362,339	0,362	-0,020
3362,256	0,362	-0,020
3362,172	0,362	-0,020
3362,088	0,362	-0,020
3362,005	0,362	-0,020
3361,921	0,343	-0,020
3361,837	0,362	0,000
3361,753	0,343	-0,020
3361,670	0,362	0,000
3361,586	0,343	-0,020
3361,502	0,343	-0,020
3361,419	0,362	0,000
3361,335	0,343	-0,020
3361,251	0,343	-0,020
3361,168	0,343	0,000
3361,084	0,323	-0,020
3361,000	0,323	-0,020
3360,917	0,323	-0,020
3360,833	0,323	-0,020
3360,749	0,323	-0,020
3360,666	0,323	0,000
3360,582	0,323	-0,020
3360,498	0,323	-0,020
3360,415	0,304	-0,020
3360,331	0,323	-0,020
3360,247	0,323	0,000
3360,164	0,323	-0,020
3360,080	0,323	-0,020
3359,996	0,323	-0,020
3359,912	0,323	0,000
3359,829	0,323	-0,020
3359,745	0,323	-0,020
3359,661	0,323	0,000
3359,578	0,323	-0,020
3359,494	0,323	-0,020
3359,410	0,323	0,000
3359,327	0,323	-0,020
3359,243	0,323	-0,020
3359,159	0,323	0,000
3359,076	0,323	-0,020
3358,992	0,323	0,000
3358,908	0,304	-0,020
3358,825	0,323	-0,020
3358,741	0,323	-0,020
3358,657	0,323	-0,020
3358,574	0,323	-0,020
3358,490	0,323	-0,020
3358,406	0,323	-0,020
3358,322	0,343	-0,020
3358,239	0,343	-0,020
3358,155	0,343	-0,020
3358,071	0,343	-0,020
3357,988	0,343	-0,020
3357,904	0,343	-0,020
3357,820	0,343	-0,020
3357,737	0,343	-0,020
3357,653	0,343	-0,020
3357,569	0,343	-0,020
3357,486	0,343	-0,020
3357,402	0,323	-0,020
3357,318	0,343	-0,020
3357,235	0,343	-0,020
3357,151	0,323	-0,020
3357,067	0,323	-0,020
3356,984	0,323	-0,020
3356,900	0,323	-0,020
3356,816	0,323	-0,020
3356,733	0,323	-0,020
3356,649	0,323	-0,020
3356,565	0,323	-0,020
3356,481	0,323	0,000
3356,398	0,304	-0,020
3356,314	0,304	0,000
3356,230	0,304	-0,020
3356,147	0,280	-0,020
3356,063	0,304	-0,020
3355,979	0,304	-0,020
3355,896	0,280	-0,020
3355,812	0,304	-0,020
3355,728	0,280	-0,020
3355,645	0,280	-0,020
3355,561	0,280	-0,020
3355,477	0,261	-0,020
3355,394	0,280	0,000
3355,310	0,261	-0,020
3355,226	0,261	-0,020
3355,143	0,241	-0,020
3355,059	0,241	-0,020
3354,975	0,241	-0,020
3354,891	0,241	0,000
3354,808	0,222	-0,020
3354,724	0,222	0,000
3354,640	0,222	0,000
3354,557	0,222	-0,020
3354,473	0,202	-0,020
3354,389	0,202	-0,020
3354,306	0,202	-0,020
3354,222	0,202	-0,020
3354,138	0,202	0,000
3354,055	0,183	-0,020
3353,971	0,183	-0,020
3353,887	0,202	0,000
3353,804	0,183	-0,020
3353,720	0,183	-0,020
3353,636	0,183	0,000
3353,553	0,163	-0,020
3353,469	0,163	-0,020
3353,385	0,183	0,000
3353,302	0,163	-0,020
3353,218	0,163	-0,020
3353,134	0,163	0,000
3353,050	0,138	-0,020
3352,967	0,138	-0,020
3352,883	0,163	-0,020
3352,799	0,138	-0,020
3352,716	0,138	-0,020
3352,632	0,138	-0,020
3352,548	0,138	-0,020
3352,465	0,138	-0,020
3352,381	0,138	-0,020
3352,297	0,138	-0,020
3352,214	0,138	-0,020
3352,130	0,138	0,000
3352,046	0,138	-0,020
3351,963	0,138	-0,020
3351,879	0,163	0,000
3351,795	0,138	-0,020
3351,712	0,138	-0,020
3351,628	0,163	0,000
3351,544	0,163	0,000
3351,461	0,138	-0,020
3351,377	0,138	-0,020
3351,293	0,138	-0,020
3351,209	0,163	-0,020
3351,126	0,163	-0,020
3351,042	0,163	-0,020
3350,958	0,163	0,000
3350,875	0,163	-0,020
3350,791	0,163	-0,020
3350,707	0,163	-0,020
3350,624	0,163	-0,020
3350,540	0,183	0,000
3350,456	0,163	-0,020
3350,373	0,183	0,000
3350,289	0,183	-0,020
3350,205	0,183	-0,020
3350,122	0,183	-0,020
3350,038	0,183	-0,020
3349,954	0,183	-0,020
3349,871	0,202	0,000
3349,787	0,183	-0,020
3349,703	0,202	-0,020
3349,619	0,183	-0,020
3349,536	0,202	0,000
3349,452	0,202	-0,020
3349,368	0,202	-0,020
3349,285	0,202	-0,020
3349,201	0,202	-0,020
3349,117	0,202	-0,020
3349,034	0,222	-0,020
3348,950	0,222	-0,020
3348,866	0,222	0,000
3348,783	0,222	-0,020
3348,699	0,241	-0,020
3348,615	0,241	0,000
3348,532	0,241	-0,020
3348,448	0,241	-0,020
3348,364	0,241	-0,020
3348,281	0,241	-0,020
3348,197	0,261	0,000
3348,113	0,241	-0,020
3348,030	0,261	-0,020
3347,946	0,261	-0,020
3347,862	0,261	-0,020
3347,778	0,261	-0,020
3347,695	0,280	-0,020
3347,611	0,280	-0,020
3347,527	0,280	-0,020
3347,444	0,304	-0,020
3347,360	0,304	-0,020
3347,276	0,304	-0,020
3347,193	0,304	-0,020
3347,109	0,304	-0,020
3347,025	0,323	-0,020
3346,942	0,323	-0,020
3346,858	0,343	0,000
3346,774	0,343	-0,020
3346,691	0,343	-0,020
3346,607	0,362	0,000
3346,523	0,362	0,000
3346,440	0,362	-0,020
3346,356	0,362	-0,020
3346,272	0,382	-0,020
3346,188	0,382	-0,020
3346,105	0,401	-0,020
3346,021	0,421	0,000
3345,937	0,421	-0,020
3345,854	0,421	-0,020
3345,770	0,446	-0,020
3345,686	0,466	-0,020
3345,603	0,466	-0,020
3345,519	0,486	-0,020
3345,435	0,505	0,000
3345,352	0,525	0,000
3345,268	0,544	-0,020
3345,184	0,564	-0,020
3345,101	0,587	-0,020
3345,017	0,626	-0,020
3344,933	0,645	-0,020
3344,850	0,645	-0,020
3344,766	0,685	-0,020
3344,682	0,730	-0,020
3344,599	0,769	-0,020
3344,515	0,808	-0,020
3344,431	0,827	-0,020
3344,347	0,870	-0,020
3344,264	0,929	-0,020
3344,180	0,968	-0,020
3344,096	1,013	-0,020
3344,013	1,052	-0,020
3343,929	1,091	-0,020
3343,845	1,153	-0,020
3343,762	1,192	-0,020
3343,678	1,231	-0,020
3343,594	1,316	0,000
3343,511	1,374	-0,020
3343,427	1,436	-0,020
3343,343	1,515	-0,020
3343,260	1,599	-0,020
3343,176	1,677	-0,020
3343,092	1,759	-0,020
3343,009	1,862	-0,020
3342,925	1,921	-0,020
3342,841	2,003	0,000
3342,757	2,081	-0,020
3342,674	2,185	-0,020
3342,590	2,286	0,000
3342,506	2,384	-0,020
3342,423	2,487	-0,020
3342,339	2,589	0,000
3342,255	2,712	-0,020
3342,172	2,829	-0,020
3342,088	2,950	-0,020
3342,004	3,093	-0,020
3341,921	3,233	0,000
3341,837	3,357	-0,020
3341,753	3,497	-0,020
3341,670	3,640	-0,020
3341,586	3,780	-0,020
3341,502	3,904	-0,020
3341,419	4,024	-0,020
3341,335	4,167	0,000
3341,251	4,288	-0,020
3341,168	4,386	0,000
3341,084	4,509	-0,020
3341,000	4,630	-0,020
3340,916	4,734	0,000
3340,833	4,835	-0,020
3340,749	4,933	-0,020
3340,665	5,056	-0,020
3340,582	5,177	0,000
3340,498	5,300	-0,020
3340,414	5,421	-0,020
3340,331	5,518	-0,020
3340,247	5,661	0,000
3340,163	5,743	0,000
3340,080	5,827	-0,020
3339,996	5,925	-0,020
3339,912	6,026	0,000
3339,829	6,111	0,000
3339,745	6,169	-0,020
3339,661	6,228	0,000
3339,578	6,310	0,000
3339,494	6,368	-0,020
3339,410	6,452	0,000
3339,326	6,511	-0,020
3339,243	6,573	-0,020
3339,159	6,612	-0,020
3339,075	6,651	-0,020
3338,992	6,696	-0,020
3338,908	6,736	0,000
3338,824	6,775	0,000
3338,741	6,817	-0,020
3338,657	6,837	-0,020
3338,573	6,856	-0,020
3338,490	6,895	-0,020
3338,406	6,915	0,000
3338,322	6,960	-0,020
3338,239	6,960	-0,020
3338,155	6,999	-0,020
3338,071	7,019	0,000
3337,988	7,019	-0,020
3337,904	7,038	-0,020
3337,820	7,058	0,000
3337,737	7,058	-0,020
3337,653	7,077	0,000
3337,569	7,077	-0,020
3337,485	7,077	-0,020
3337,402	7,101	0,000
3337,318	7,101	0,000
3337,234	7,101	-0,020
3337,151	7,120	0,000
3337,067	7,120	-0,020
3336,983	7,140	0,000
3336,900	7,140	0,000
3336,816	7,140	0,000
3336,732	7,140	-0,020
3336,649	7,159	0,000
3336,565	7,140	-0,020
3336,481	7,159	-0,020
3336,398	7,159	0,000
3336,314	7,159	0,000
3336,230	7,159	-0,020
3336,147	7,179	-0,020
3336,063	7,159	-0,020
3335,979	7,159	-0,020
3335,896	7,179	-0,020
3335,812	7,179	-0,020
3335,728	7,179	0,000
3335,644	7,179	0,000
3335,561	7,179	0,000
3335,477	7,179	-0,020
3335,393	7,179	0,000
3335,310	7,179	0,000
3335,226	7,179	-0,020
3335,142	7,179	-0,020
3335,059	7,179	-0,020
3334,975	7,179	0,000
3334,891	7,179	0,000
3334,808	7,179	0,000
3334,724	7,179	0,000
3334,640	7,179	-0,020
3334,557	7,179	0,000
3334,473	7,179	-0,020
3334,389	7,179	-0,020
3334,306	7,179	0,000
3334,222	7,179	-0,020
3334,138	7,179	0,000
3334,054	7,179	-0,020
3333,971	7,179	0,000
3333,887	7,179	0,000
3333,803	7,179	-0,020
3333,720	7,179	0,000
3333,636	7,179	0,000
3333,552	7,179	0,000
3333,469	7,179	0,000
3333,385	7,179	-0,020
3333,301	7,179	-0,020
3333,218	7,179	0,000
3333,134	7,179	-0,020
3333,050	7,179	0,000
3332,967	7,179	0,000
3332,883	7,179	0,000
3332,799	7,179	0,000
3332,716	7,179	-0,020
3332,632	7,179	0,000
3332,548	7,159	-0,020
3332,465	7,159	0,000
3332,381	7,159	-0,020
3332,297	7,159	-0,020
3332,213	7,179	0,000
3332,130	7,179	0,000
3332,046	7,179	0,000
3331,962	7,198	0,000
3331,879	7,198	0,000
3331,795	7,198	-0,020
3331,711	7,198	0,000
3331,628	7,198	0,000
3331,544	7,179	-0,020
3331,460	7,198	0,000
3331,377	7,179	0,000
3331,293	7,179	0,000
3331,209	7,179	0,000
3331,126	7,179	0,000
3331,042	7,179	0,000
3330,958	7,179	-0,020
3330,875	7,179	0,000
3330,791	7,179	-0,020
3330,707	7,179	0,000
3330,623	7,179	-0,020
3330,540	7,179	0,000
3330,456	7,179	0,000
3330,372	7,159	0,000
3330,289	7,159	0,000
3330,205	7,179	0,000
3330,121	7,179	0,000
3330,038	7,179	0,000
3329,954	7,179	0,000
3329,870	7,159	0,000
3329,787	7,159	0,000
3329,703	7,159	-0,020
3329,619	7,179	0,000
3329,536	7,179	0,000
3329,452	7,179	0,000
3329,368	7,179	0,000
3329,285	7,179	0,000
3329,201	7,159	0,000
3329,117	7,159	0,000
3329,034	7,159	0,000
3328,950	7,179	0,000
3328,866	7,159	0,000
3328,782	7,159	0,000
3328,699	7,159	0,020
3328,615	7,159	0,020
3328,531	7,159	0,020
3328,448	7,140	0,020
3328,364	7,140	0,020
3328,280	7,140	0,039
3328,197	7,140	0,039
3328,113	7,120	0,039
3328,029	7,120	0,039
3327,946	7,120	0,059
3327,862	7,101	0,059
3327,778	7,101	0,059
3327,695	7,101	0,078
3327,611	7,101	0,078
3327,527	7,077	0,078
3327,444	7,077	0,098
3327,360	7,058	0,098
3327,276	7,058	0,117
3327,192	7,038	0,117
3327,109	7,019	0,142
3327,025	7,019	0,161
3326,941	6,999	0,181
3326,858	6,980	0,181
3326,774	6,960	0,200
3326,690	6,935	0,220
3326,607	6,935	0,239
3326,523	6,915	0,283
3326,439	6,876	0,283
3326,356	6,856	0,322
3326,272	6,817	0,361
3326,188	6,775	0,381
3326,105	6,736	0,425
3326,021	6,716	0,464
3325,937	6,677	0,503
3325,854	6,632	0,542
3325,770	6,573	0,586
3325,686	6,534	0,625
3325,603	6,472	0,684
3325,519	6,433	0,747
3325,435	6,368	0,806
3325,351	6,310	0,869
3325,268	6,228	0,928
3325,184	6,169	0,991
3325,100	6,085	1,069
3325,017	6,007	1,172
3324,933	5,925	1,250
3324,849	5,847	1,333
3324,766	5,743	1,416
3324,682	5,642	1,533
3324,598	5,544	1,636
3324,515	5,440	1,758
3324,431	5,320	1,880
3324,347	5,177	2,002
3324,264	5,056	2,100
3324,180	4,933	2,222
3324,096	4,812	2,344
3324,013	4,714	2,466
3323,929	4,571	2,588
3323,845	4,431	2,729
3323,761	4,308	2,871
3323,678	4,167	3,013
3323,594	4,005	3,174
3323,510	3,845	3,354
3323,427	3,640	3,540
3323,343	3,458	3,740
3323,259	3,214	3,940
3323,176	2,995	4,165
3323,092	2,810	4,370
3323,008	2,589	4,551
3322,925	2,364	4,771
3322,841	2,185	4,956
3322,757	2,022	5,078
3322,674	1,902	5,259
3322,590	1,739	5,400
3322,506	1,638	5,522
3322,423	1,495	5,645
3322,339	1,413	5,742
3322,255	1,296	5,845
3322,172	1,192	5,947
3322,088	1,091	6,006
3322,004	1,032	6,089
3321,920	0,948	6,167
3321,837	0,870	6,250
3321,753	0,808	6,328
3321,669	0,749	6,372
3321,586	0,685	6,431
3321,502	0,606	6,514
3321,418	0,544	6,592
3321,335	0,505	6,636
3321,251	0,466	6,675
3321,167	0,446	6,694
3321,084	0,401	6,714
3321,000	0,382	6,733
3320,916	0,382	6,753
3320,833	0,343	6,753
3320,749	0,343	6,753
3320,665	0,343	6,777
3320,582	0,343	6,777
3320,498	0,343	6,777
3320,414	0,343	6,777
3320,330	0,343	6,777
3320,247	0,362	6,777
3320,163	0,382	6,753
3320,079	0,382	6,733
3319,996	0,421	6,733
3319,912	0,446	6,714
3319,828	0,486	6,675
3319,745	0,525	6,611
3319,661	0,564	6,572
3319,577	0,626	6,514
3319,494	0,685	6,450
3319,410	0,749	6,392
3319,326	0,808	6,309
3319,243	0,890	6,230
3319,159	0,987	6,128
3319,075	1,091	6,045
3318,992	1,192	5,967
3318,908	1,296	5,845
3318,824	1,413	5,742
3318,741	1,534	5,620
3318,657	1,657	5,479
3318,573	1,798	5,337
3318,489	1,941	5,195
3318,406	2,081	5,054
3318,322	2,224	4,912
3318,238	2,384	4,751
3318,155	2,507	4,609
3318,071	2,667	4,487
3317,987	2,810	4,326
3317,904	2,950	4,185
3317,820	3,136	4,043
3317,736	3,298	3,882
3317,653	3,477	3,701
3317,569	3,659	3,496
3317,485	3,864	3,315
3317,402	4,024	3,154
3317,318	4,206	2,974
3317,234	4,386	2,808
3317,151	4,552	2,627
3317,067	4,714	2,466
3316,983	4,893	2,305
3316,900	5,017	2,144
3316,816	5,157	2,021
3316,732	5,261	1,899
3316,648	5,401	1,777
3316,565	5,518	1,655
3316,481	5,622	1,558
3316,397	5,724	1,455
3316,314	5,802	1,372
3316,230	5,886	1,274
3316,146	5,968	1,191
3316,063	6,046	1,108
3315,979	6,130	1,030
3315,895	6,208	0,947
3315,812	6,270	0,869
3315,728	6,329	0,825
3315,644	6,394	0,767
3315,561	6,452	0,708
3315,477	6,511	0,645
3315,393	6,573	0,605
3315,310	6,612	0,542
3315,226	6,651	0,503
3315,142	6,696	0,444
3315,058	6,736	0,425
3314,975	6,755	0,361
3314,891	6,794	0,342
3314,807	6,837	0,303
3314,724	6,856	0,283
3314,640	6,876	0,259
3314,556	6,895	0,239
3314,473	6,915	0,200
3314,389	6,935	0,200
3314,305	6,960	0,181
3314,222	6,980	0,161
3314,138	7,019	0,142
3314,054	7,038	0,117
3313,971	7,058	0,098
3313,887	7,077	0,117
3313,803	7,101	0,078
3313,720	7,101	0,078
3313,636	7,101	0,078
3313,552	7,101	0,059
3313,469	7,101	0,059
3313,385	7,101	0,039
3313,301	7,101	0,039
3313,217	7,120	0,039
3313,134	7,120	0,020
3313,050	7,120	0,020
3312,966	7,140	0,020
3312,883	7,140	0,039
3312,799	7,140	0,020
3312,715	7,140	0,020
3312,632	7,140	0,000
3312,548	7,140	0,020
3312,464	7,140	0,000
3312,381	7,140	0,000
3312,297	7,140	0,000
3312,213	7,140	0,000
3312,130	7,140	0,000
3312,046	7,120	0,000
3311,962	7,140	0,000
3311,879	7,120	0,000
3311,795	7,120	0,000
3311,711	7,120	0,000
3311,627	7,120	0,000
3311,544	7,120	0,000
3311,460	7,120	0,000
3311,376	7,120	0,000
3311,293	7,140	0,000
3311,209	7,120	0,000
3311,125	7,120	-0,020
3311,042	7,120	0,000
3310,958	7,120	-0,020
3310,874	7,140	0,000
3310,791	7,140	-0,020
3310,707	7,159	0,000
3310,623	7,140	-0,020
3310,540	7,159	0,000
3310,456	7,159	-0,020
3310,372	7,159	-0,020
3310,289	7,159	-0,020
3310,205	7,159	0,000
3310,121	7,140	0,000
3310,038	7,140	0,000
3309,954	7,140	-0,020
3309,870	7,159	0,000
3309,786	7,140	-0,020
3309,703	7,140	-0,020
3309,619	7,159	-0,020
3309,535	7,140	-0,020
3309,452	7,159	0,000
3309,368	7,140	-0,020
3309,284	7,159	-0,020
3309,201	7,159	-0,020
3309,117	7,159	0,000
3309,033	7,159	0,000
3308,950	7,159	0,000
3308,866	7,159	-0,020
3308,782	7,159	0,000
3308,699	7,159	-0,020
3308,615	7,159	0,000
3308,531	7,159	-0,020
3308,448	7,159	0,000
3308,364	7,159	0,000
3308,280	7,159	-0,020
3308,196	7,159	0,000
3308,113	7,140	-0,020
3308,029	7,159	-0,020
3307,945	7,159	0,000
3307,862	7,159	0,000
3307,778	7,159	-0,020
3307,694	7,159	0,000
3307,611	7,159	0,000
3307,527	7,159	-0,020
3307,443	7,159	0,000
3307,360	7,179	0,000
3307,276	7,159	0,000
3307,192	7,159	-0,020
3307,109	7,159	-0,020
3307,025	7,159	0,000
3306,941	7,159	0,000
3306,858	7,159	-0,020
3306,774	7,140	-0,020
3306,690	7,140	-0,020
3306,607	7,159	0,000
3306,523	7,159	0,000
3306,439	7,159	0,000
3306,355	7,140	0,000
3306,272	7,140	-0,020
3306,188	7,140	-0,020
3306,104	7,140	-0,020
3306,021	7,140	0,000
3305,937	7,140	-0,020
3305,853	7,140	0,000
3305,770	7,140	0,000
3305,686	7,120	-0,020
3305,602	7,140	0,000
3305,519	7,140	0,000
3305,435	7,140	0,000
3305,351	7,140	0,000
3305,268	7,140	0,000
3305,184	7,140	-0,020
3305,100	7,140	0,000
3305,017	7,140	-0,020
3304,933	7,120	0,000
3304,849	7,120	-0,020
3304,765	7,120	0,000
3304,682	7,120	-0,020
3304,598	7,120	0,000
3304,514	7,120	-0,020
3304,431	7,120	-0,020
3304,347	7,120	-0,020
3304,263	7,120	-0,020
3304,180	7,120	-0,020
3304,096	7,120	-0,020
3304,012	7,120	0,000
3303,929	7,120	-0,020
3303,845	7,120	-0,020
3303,761	7,120	0,000
3303,678	7,120	-0,020
3303,594	7,101	-0,020
3303,510	7,101	0,000
3303,427	7,101	0,000
3303,343	7,101	0,000
3303,259	7,101	0,000
3303,176	7,077	-0,020
3303,092	7,058	-0,020
3303,008	7,058	0,000
3302,924	7,038	0,000
3302,841	7,038	-0,020
3302,757	7,019	0,000
3302,673	6,999	-0,020
3302,590	6,999	0,000
3302,506	6,980	0,000
3302,422	6,960	-0,020
3302,339	6,935	-0,020
3302,255	6,915	0,000
3302,171	6,895	-0,020
3302,088	6,856	-0,020
3302,004	6,837	0,000
3301,920	6,794	-0,020
3301,837	6,755	-0,020
3301,753	6,736	0,000
3301,669	6,677	0,000
3301,586	6,632	-0,020
3301,502	6,593	0,000
3301,418	6,534	-0,020
3301,335	6,472	-0,020
3301,251	6,433	0,000
3301,167	6,368	0,000
3301,083	6,290	-0,020
3301,000	6,251	0,000
3300,916	6,189	0,000
3300,832	6,111	0,000
3300,749	6,046	-0,020
3300,665	5,968	-0,020
3300,581	5,886	-0,020
3300,498	5,802	-0,020
3300,414	5,704	-0,020
3300,330	5,583	-0,020
3300,247	5,460	-0,020
3300,163	5,359	-0,020
3300,079	5,261	0,000
3299,996	5,095	0,000
3299,912	4,952	-0,020
3299,828	4,812	-0,020
3299,745	4,669	-0,020
3299,661	4,529	-0,020
3299,577	4,386	0,000
3299,493	4,245	0,000
3299,410	4,102	-0,020
3299,326	3,985	-0,020
3299,242	3,864	-0,020
3299,159	3,741	0,000
3299,075	3,581	-0,020
3298,991	3,419	-0,020
3298,908	3,279	-0,020
3298,824	3,136	-0,020
3298,740	3,034	0,000
3298,657	2,892	0,000
3298,573	2,790	-0,020
3298,489	2,667	-0,020
3298,406	2,546	-0,020
3298,322	2,429	-0,020
3298,238	2,325	-0,020
3298,155	2,243	-0,020
3298,071	2,185	0,000
3297,987	2,101	-0,020
3297,904	2,022	-0,020
3297,820	1,941	-0,020
3297,736	1,862	-0,020
3297,652	1,798	-0,020
3297,569	1,720	0,000
3297,485	1,638	-0,020
3297,401	1,579	-0,020
3297,318	1,515	-0,020
3297,234	1,436	-0,020
3297,150	1,394	-0,020
3297,067	1,316	-0,020
3296,983	1,270	-0,020
3296,899	1,212	-0,020
3296,816	1,173	-0,020
3296,732	1,130	-0,020
3296,648	1,091	0,000
3296,565	1,052	-0,020
3296,481	1,013	-0,020
3296,397	0,968	-0,020
3296,314	0,948	-0,020
3296,230	0,929	-0,020
3296,146	0,890	-0,020
3296,062	0,870	-0,020
3295,979	0,847	-0,020
3295,895	0,827	-0,020
3295,811	0,808	-0,020
3295,728	0,788	-0,020
3295,644	0,788	0,000
3295,560	0,769	-0,020
3295,477	0,749	0,000
3295,393	0,749	-0,020
3295,309	0,730	-0,020
3295,226	0,730	0,000
3295,142	0,704	-0,020
3295,058	0,704	-0,020
3294,975	0,704	0,000
3294,891	0,704	-0,020
3294,807	0,685	-0,020
3294,724	0,685	0,000
3294,640	0,685	-0,020
3294,556	0,685	-0,020
3294,473	0,685	0,000
3294,389	0,704	-0,020
3294,305	0,704	-0,020
3294,221	0,704	-0,020
3294,138	0,704	-0,020
3294,054	0,704	-0,020
3293,970	0,730	-0,020
3293,887	0,749	-0,020
3293,803	0,749	-0,020
3293,719	0,749	-0,020
3293,636	0,769	-0,020
3293,552	0,769	-0,020
3293,468	0,788	-0,020
3293,385	0,788	-0,020
3293,301	0,808	-0,020
3293,217	0,808	-0,020
3293,134	0,827	-0,020
3293,050	0,847	-0,020
3292,966	0,847	-0,020
3292,883	0,870	0,000
3292,799	0,870	-0,020
3292,715	0,890	-0,020
3292,631	0,890	0,000
3292,548	0,909	-0,020
3292,464	0,909	-0,020
3292,380	0,909	0,000
3292,297	0,929	-0,020
3292,213	0,929	0,000
3292,129	0,929	0,000
3292,046	0,929	-0,020
3291,962	0,948	-0,020
3291,878	0,948	-0,020
3291,795	0,948	-0,020
3291,711	0,968	-0,020
3291,627	0,968	-0,020
3291,544	0,968	-0,020
3291,460	0,968	-0,020
3291,376	0,968	-0,020
3291,293	0,987	-0,020
3291,209	0,968	-0,020
3291,125	0,968	0,000
3291,042	0,968	-0,020
3290,958	0,968	-0,020
3290,874	0,968	-0,020
3290,790	0,968	-0,020
3290,707	0,968	-0,020
3290,623	0,968	-0,020
3290,539	0,968	-0,020
3290,456	0,968	0,000
3290,372	0,948	-0,020
3290,288	0,948	0,000
3290,205	0,948	-0,020
3290,121	0,948	-0,020
3290,037	0,948	-0,020
3289,954	0,948	-0,020
3289,870	0,929	-0,020
3289,786	0,929	-0,020
3289,703	0,929	-0,020
3289,619	0,929	-0,020
3289,535	0,929	0,000
3289,452	0,929	-0,020
3289,368	0,909	-0,020
3289,284	0,909	-0,020
3289,200	0,909	-0,020
3289,117	0,929	0,000
3289,033	0,909	-0,020
3288,949	0,909	-0,020
3288,866	0,909	-0,020
3288,782	0,890	-0,020
3288,698	0,909	-0,020
3288,615	0,909	-0,020
3288,531	0,890	-0,020
3288,447	0,909	0,000
3288,364	0,909	0,000
3288,280	0,909	-0,020
3288,196	0,909	-0,020
3288,113	0,909	-0,020
3288,029	0,909	-0,020
3287,945	0,909	-0,020
3287,862	0,909	-0,020
3287,778	0,909	-0,020
3287,694	0,909	-0,020
3287,611	0,909	-0,020
3287,527	0,909	-0,020
3287,443	0,929	0,000
3287,359	0,929	-0,020
3287,276	0,929	-0,020
3287,192	0,929	-0,020
3287,108	0,929	-0,020
3287,025	0,929	-0,020
3286,941	0,929	-0,020
3286,857	0,929	-0,020
3286,774	0,948	-0,020
3286,690	0,948	0,000
3286,606	0,948	-0,020
3286,523	0,948	-0,020
3286,439	0,948	-0,020
