3384,212	2,003	0,259
3384,046	2,022	0,259
3383,880	2,042	0,259
3383,714	2,022	0,259
3383,548	2,022	0,259
3383,382	2,022	0,259
3383,216	2,022	0,259
3383,050	2,022	0,259
3382,884	2,022	0,259
3382,718	2,022	0,259
3382,553	2,022	0,259
3382,387	2,022	0,259
3382,221	2,022	0,259
3382,055	2,022	0,259
3381,889	2,022	0,259
3381,723	2,022	0,259
3381,557	2,022	0,259
3381,391	2,022	0,259
3381,225	2,022	0,259
3381,059	2,022	0,259
3380,893	2,022	0,259
3380,728	2,022	0,259
3380,562	2,003	0,259
3380,396	2,022	0,259
3380,230	2,022	0,259
3380,064	2,022	0,259
3379,898	2,022	0,259
3379,732	2,022	0,259
3379,566	2,003	0,259
3379,400	2,022	0,259
3379,234	2,022	0,259
3379,068	2,022	0,259
3378,903	2,022	0,259
3378,737	2,022	0,259
3378,571	2,003	0,259
3378,405	2,022	0,259
3378,239	2,022	0,259
3378,073	2,003	0,259
3377,907	2,022	0,259
3377,741	2,022	0,259
3377,575	2,003	0,259
3377,409	2,022	0,259
3377,243	2,022	0,259
3377,078	2,022	0,259
3376,912	2,022	0,259
3376,746	2,022	0,259
3376,580	2,022	0,259
3376,414	2,022	0,259
3376,248	2,003	0,259
3376,082	1,980	0,259
3375,916	1,960	0,259
3375,750	1,941	0,259
3375,584	1,902	0,259
3375,418	1,882	0,259
3375,253	1,837	0,259
3375,087	1,817	0,259
3374,921	1,778	0,259
3374,755	1,759	0,259
3374,589	1,739	0,259
3374,423	1,696	0,259
3374,257	1,657	0,259
3374,091	1,638	0,259
3373,925	1,599	0,259
3373,759	1,579	0,259
3373,593	1,534	0,259
3373,428	1,495	0,259
3373,262	1,456	0,259
3373,096	1,436	0,259
3372,930	1,394	0,259
3372,764	1,355	0,259
3372,598	1,316	0,259
3372,432	1,270	0,259
3372,266	1,251	0,259
3372,100	1,212	0,259
3371,934	1,192	0,259
3371,768	1,153	0,259
3371,603	1,111	0,259
3371,437	1,071	0,259
3371,271	1,052	0,259
3371,105	1,013	0,259
3370,939	0,987	0,259
3370,773	0,948	0,259
3370,607	0,929	0,259
3370,441	0,890	0,259
3370,275	0,870	0,259
3370,109	0,847	0,259
3369,943	0,808	0,259
3369,778	0,788	0,259
3369,612	0,769	0,259
3369,446	0,749	0,259
3369,280	0,704	0,259
3369,114	0,685	0,259
3368,948	0,665	0,259
3368,782	0,645	0,259
3368,616	0,626	0,259
3368,450	0,606	0,259
3368,284	0,587	0,259
3368,118	0,564	0,259
3367,952	0,544	0,259
3367,787	0,525	0,259
3367,621	0,505	0,239
3367,455	0,486	0,259
3367,289	0,466	0,259
3367,123	0,466	0,259
3366,957	0,446	0,259
3366,791	0,421	0,259
3366,625	0,401	0,259
3366,459	0,382	0,259
3366,293	0,382	0,259
3366,127	0,362	0,259
3365,962	0,362	0,259
3365,796	0,343	0,259
3365,630	0,323	0,259
3365,464	0,323	0,259
3365,298	0,304	0,259
3365,132	0,304	0,259
3364,966	0,304	0,259
3364,800	0,280	0,259
3364,634	0,261	0,259
3364,468	0,261	0,259
3364,302	0,241	0,259
3364,137	0,261	0,259
3363,971	0,241	0,259
3363,805	0,222	0,259
3363,639	0,222	0,259
3363,473	0,222	0,259
3363,307	0,202	0,259
3363,141	0,202	0,259
3362,975	0,202	0,259
3362,809	0,202	0,259
3362,643	0,183	0,239
3362,477	0,202	0,259
3362,312	0,183	0,259
3362,146	0,183	0,259
3361,980	0,183	0,259
3361,814	0,183	0,259
3361,648	0,183	0,259
3361,482	0,183	0,259
3361,316	0,183	0,259
3361,150	0,183	0,259
3360,984	0,183	0,259
3360,818	0,183	0,259
3360,652	0,183	0,259
3360,487	0,183	0,259
3360,321	0,183	0,259
3360,155	0,183	0,259
3359,989	0,183	0,259
3359,823	0,202	0,259
3359,657	0,183	0,259
3359,491	0,202	0,259
3359,325	0,202	0,259
3359,159	0,202	0,259
3358,993	0,202	0,259
3358,827	0,202	0,259
3358,662	0,202	0,259
3358,496	0,202	0,259
3358,330	0,202	0,259
3358,164	0,202	0,259
3357,998	0,202	0,259
3357,832	0,202	0,259
3357,666	0,202	0,283
3357,500	0,183	0,259
3357,334	0,183	0,259
3357,168	0,163	0,259
3357,002	0,163	0,259
3356,837	0,163	0,259
3356,671	0,138	0,259
3356,505	0,138	0,259
3356,339	0,138	0,259
3356,173	0,118	0,259
3356,007	0,118	0,259
3355,841	0,118	0,259
3355,675	0,118	0,259
3355,509	0,099	0,259
3355,343	0,099	0,259
3355,177	0,099	0,259
3355,012	0,099	0,259
3354,846	0,099	0,259
3354,680	0,099	0,259
3354,514	0,099	0,259
3354,348	0,099	0,259
3354,182	0,079	0,259
3354,016	0,099	0,259
3353,850	0,099	0,259
3353,684	0,099	0,259
3353,518	0,099	0,259
3353,352	0,099	0,259
3353,187	0,099	0,259
3353,021	0,118	0,259
3352,855	0,118	0,259
3352,689	0,118	0,259
3352,523	0,138	0,259
3352,357	0,163	0,259
3352,191	0,183	0,283
3352,025	0,183	0,259
3351,859	0,202	0,259
3351,693	0,222	0,259
3351,527	0,241	0,259
3351,361	0,261	0,259
3351,196	0,280	0,259
3351,030	0,304	0,259
3350,864	0,323	0,259
3350,698	0,362	0,259
3350,532	0,382	0,259
3350,366	0,401	0,259
3350,200	0,446	0,259
3350,034	0,486	0,259
3349,868	0,525	0,259
3349,702	0,544	0,259
3349,536	0,564	0,259
3349,371	0,606	0,259
3349,205	0,626	0,259
3349,039	0,685	0,259
3348,873	0,730	0,259
3348,707	0,769	0,259
3348,541	0,827	0,259
3348,375	0,847	0,259
3348,209	0,909	0,259
3348,043	0,948	0,259
3347,877	1,013	0,259
3347,711	1,052	0,259
3347,546	1,091	0,259
3347,380	1,130	0,259
3347,214	1,173	0,259
3347,048	1,231	0,259
3346,882	1,270	0,259
3346,716	1,335	0,259
3346,550	1,374	0,259
3346,384	1,436	0,259
3346,218	1,495	0,259
3346,052	1,534	0,259
3345,886	1,599	0,259
3345,721	1,677	0,259
3345,555	1,739	0,259
3345,389	1,817	0,259
3345,223	1,882	0,259
3345,057	1,941	0,259
3344,891	2,003	0,259
3344,725	2,081	0,259
3344,559	2,185	0,259
3344,393	2,286	0,259
3344,227	2,403	0,259
3344,061	2,546	0,259
3343,896	2,686	0,259
3343,730	2,829	0,259
3343,564	2,950	0,259
3343,398	3,093	0,259
3343,232	3,253	0,259
3343,066	3,438	0,259
3342,900	3,620	0,259
3342,734	3,780	0,259
3342,568	3,962	0,259
3342,402	4,128	0,259
3342,236	4,268	0,259
3342,071	4,386	0,259
3341,905	4,529	0,259
3341,739	4,649	0,259
3341,573	4,773	0,259
3341,407	4,893	0,259
3341,241	4,997	0,259
3341,075	5,056	0,259
3340,909	5,118	0,259
3340,743	5,177	0,259
3340,577	5,261	0,259
3340,411	5,300	0,259
3340,246	5,359	0,259
3340,080	5,157	0,259
3339,914	5,261	0,259
3339,748	5,235	0,259
3339,582	5,235	0,259
3339,416	5,235	0,259
3339,250	5,280	0,259
3339,084	5,235	0,259
3338,918	5,280	0,259
3338,752	5,300	0,259
3338,586	5,320	0,259
3338,421	5,320	0,259
3338,255	5,339	0,259
3338,089	5,339	0,259
3337,923	5,339	0,259
3337,757	5,280	0,259
3337,591	5,339	0,259
3337,425	5,339	0,259
3337,259	5,359	0,259
3337,093	5,359	0,259
3336,927	5,378	0,259
3336,761	5,359	0,259
3336,596	5,359	0,259
3336,430	5,359	0,259
3336,264	5,359	0,259
3336,098	5,378	0,259
3335,932	5,359	0,259
3335,766	5,359	0,259
3335,600	5,378	0,259
3335,434	5,378	0,259
3335,268	5,378	0,259
3335,102	5,359	0,259
3334,936	5,378	0,259
3334,770	5,378	0,259
3334,605	5,378	0,259
3334,439	5,378	0,259
3334,273	5,359	0,259
3334,107	5,378	0,259
3333,941	5,359	0,259
3333,775	5,359	0,259
3333,609	5,359	0,259
3333,443	5,359	0,259
3333,277	5,359	0,259
3333,111	5,359	0,259
3332,945	5,359	0,259
3332,780	5,359	0,259
3332,614	5,359	0,259
3332,448	5,359	0,259
3332,282	5,359	0,283
3332,116	5,359	0,259
3331,950	5,359	0,259
3331,784	5,339	0,259
3331,618	5,339	0,259
3331,452	5,359	0,259
3331,286	5,339	0,259
3331,120	5,359	0,259
3330,955	5,359	0,259
3330,789	5,359	0,283
3330,623	5,359	0,259
3330,457	5,359	0,259
3330,291	5,359	0,259
3330,125	5,359	0,259
3329,959	5,359	0,259
3329,793	5,339	0,259
3329,627	5,359	0,259
3329,461	5,339	0,259
3329,295	5,339	0,259
3329,130	5,339	0,259
3328,964	5,320	0,259
3328,798	5,320	0,259
3328,632	5,320	0,259
3328,466	5,300	0,259
3328,300	5,300	0,259
3328,134	5,280	0,259
3327,968	5,261	0,259
3327,802	5,235	0,259
3327,636	5,235	0,259
3327,470	5,196	0,259
3327,305	5,177	0,259
3327,139	5,138	0,259
3326,973	5,095	0,259
3326,807	5,056	0,259
3326,641	5,017	0,259
3326,475	4,978	0,259
3326,309	4,893	0,259
3326,143	4,812	0,259
3325,977	4,734	0,259
3325,811	4,649	0,259
3325,645	4,552	0,259
3325,480	4,489	0,259
3325,314	4,411	0,259
3325,148	4,327	0,259
3324,982	4,226	0,259
3324,816	4,148	0,259
3324,650	4,063	0,259
3324,484	4,005	0,259
3324,318	3,943	0,259
3324,152	3,884	0,259
3323,986	3,845	0,259
3323,820	3,800	0,259
3323,655	3,741	0,259
3323,489	3,722	0,259
3323,323	3,679	0,259
3323,157	3,640	0,259
3322,991	3,620	0,259
3322,825	3,581	0,259
3322,659	3,562	0,259
3322,493	3,536	0,259
3322,327	3,517	0,259
3322,161	3,497	0,259
3321,995	3,497	0,259
3321,830	3,477	0,259
3321,664	3,477	0,259
3321,498	3,477	0,259
3321,332	3,477	0,259
3321,166	3,477	0,259
3321,000	3,497	0,259
3320,834	3,497	0,259
3320,668	3,517	0,259
3320,502	3,536	0,259
3320,336	3,562	0,259
3320,170	3,601	0,259
3320,005	3,620	0,259
3319,839	3,640	0,259
3319,673	3,679	0,259
3319,507	3,702	0,259
3319,341	3,741	0,259
3319,175	3,780	0,259
3319,009	3,800	0,259
3318,843	3,800	0,259
3318,677	3,845	0,259
3318,511	3,864	0,259
3318,345	3,864	0,259
3318,180	3,884	0,259
3318,014	3,923	0,259
3317,848	3,962	0,259
3317,682	4,005	0,259
3317,516	4,083	0,259
3317,350	4,148	0,259
3317,184	4,206	0,259
3317,018	4,308	0,259
3316,852	4,411	0,259
3316,686	4,529	0,259
3316,520	4,610	0,259
3316,354	4,695	0,259
3316,189	4,812	0,259
3316,023	4,913	0,259
3315,857	4,952	0,259
3315,691	5,017	0,259
3315,525	5,075	0,259
3315,359	5,118	0,259
3315,193	5,157	0,259
3315,027	5,177	0,259
3314,861	5,196	0,259
3314,695	5,235	0,259
3314,529	5,235	0,259
3314,364	5,261	0,259
3314,198	5,280	0,259
3314,032	5,300	0,259
3313,866	5,300	0,283
3313,700	5,300	0,259
3313,534	5,300	0,259
3313,368	5,300	0,259
3313,202	5,300	0,259
3313,036	5,320	0,259
3312,870	5,320	0,259
3312,704	5,320	0,259
3312,539	5,320	0,259
3312,373	5,320	0,259
3312,207	5,339	0,259
3312,041	5,339	0,259
3311,875	5,339	0,259
3311,709	5,339	0,259
3311,543	5,339	0,259
3311,377	5,339	0,259
3311,211	5,339	0,259
3311,045	5,339	0,259
3310,879	5,339	0,259
3310,714	5,339	0,259
3310,548	5,339	0,259
3310,382	5,339	0,259
3310,216	5,339	0,259
3310,050	5,339	0,259
3309,884	5,339	0,259
3309,718	5,359	0,259
3309,552	5,359	0,283
3309,386	5,339	0,259
3309,220	5,339	0,259
3309,054	5,359	0,259
3308,889	5,359	0,259
3308,723	5,339	0,259
3308,557	5,339	0,259
3308,391	5,339	0,259
3308,225	5,339	0,259
3308,059	5,339	0,259
3307,893	5,339	0,259
3307,727	5,339	0,259
3307,561	5,339	0,259
3307,395	5,339	0,259
3307,229	5,339	0,259
3307,064	5,339	0,259
3306,898	5,339	0,259
3306,732	5,339	0,259
3306,566	5,339	0,259
3306,400	5,339	0,259
3306,234	5,339	0,259
3306,068	5,320	0,259
3305,902	5,320	0,259
3305,736	5,320	0,259
3305,570	5,320	0,259
3305,404	5,300	0,259
3305,239	5,300	0,259
3305,073	5,300	0,259
3304,907	5,280	0,259
3304,741	5,280	0,259
3304,575	5,261	0,259
3304,409	5,261	0,259
3304,243	5,216	0,259
3304,077	5,177	0,259
3303,911	5,157	0,259
3303,745	5,118	0,259
3303,579	5,075	0,259
3303,414	5,036	0,259
3303,248	4,978	0,259
3303,082	4,933	0,259
3302,916	4,874	0,259
3302,750	4,792	0,259
3302,584	4,714	0,259
3302,418	4,610	0,259
3302,252	4,470	0,259
3302,086	4,366	0,259
3301,920	4,206	0,259
3301,754	4,044	0,259
3301,589	3,904	0,259
3301,423	3,741	0,259
3301,257	3,536	0,259
3301,091	3,376	0,259
3300,925	3,214	0,259
3300,759	3,015	0,259
3300,593	2,829	0,259
3300,427	2,667	0,259
3300,261	2,487	0,259
3300,095	2,263	0,259
3299,929	2,081	0,259
3299,763	1,921	0,259
3299,598	1,720	0,259
3299,432	1,599	0,259
3299,266	1,436	0,259
3299,100	1,296	0,259
3298,934	1,192	0,259
3298,768	1,091	0,259
3298,602	0,987	0,259
3298,436	0,929	0,259
3298,270	0,847	0,259
3298,104	0,788	0,259
3297,938	0,730	0,259
3297,773	0,685	0,259
3297,607	0,645	0,259
3297,441	0,626	0,259
3297,275	0,587	0,259
3297,109	0,564	0,259
3296,943	0,544	0,259
3296,777	0,525	0,259
3296,611	0,525	0,259
3296,445	0,505	0,259
3296,279	0,505	0,259
3296,113	0,505	0,259
3295,948	0,505	0,259
3295,782	0,505	0,259
3295,616	0,525	0,259
3295,450	0,525	0,259
3295,284	0,544	0,259
3295,118	0,544	0,259
3294,952	0,564	0,259
3294,786	0,587	0,259
3294,620	0,606	0,259
3294,454	0,606	0,259
3294,288	0,626	0,259
3294,123	0,626	0,259
3293,957	0,645	0,259
3293,791	0,645	0,259
3293,625	0,665	0,259
3293,459	0,665	0,259
3293,293	0,685	0,259
3293,127	0,685	0,259
3292,961	0,685	0,259
3292,795	0,685	0,259
3292,629	0,685	0,259
3292,463	0,685	0,259
3292,298	0,685	0,259
3292,132	0,685	0,259
3291,966	0,685	0,259
3291,800	0,685	0,259
3291,634	0,665	0,259
3291,468	0,665	0,259
3291,302	0,665	0,259
3291,136	0,645	0,259
3290,970	0,645	0,259
3290,804	0,645	0,259
3290,638	0,626	0,259
3290,473	0,626	0,259
3290,307	0,626	0,259
3290,141	0,626	0,259
3289,975	0,626	0,259
3289,809	0,626	0,259
3289,643	0,626	0,259
3289,477	0,626	0,259
3289,311	0,626	0,259
3289,145	0,626	0,259
3288,979	0,645	0,259
3288,813	0,645	0,259
3288,648	0,645	0,259
3288,482	0,645	0,259
3288,316	0,645	0,259
3288,150	0,665	0,259
3287,984	0,665	0,259
