3323,490	4,695	0,259
3323,490	4,649	0,259
3323,490	4,610	0,259
3323,490	4,489	0,259
3323,490	4,470	0,259
3323,490	4,470	0,259
3323,490	4,470	0,259
3323,490	4,470	0,259
3323,490	4,470	0,259
3323,490	4,489	0,259
3323,490	4,470	0,259
3323,490	4,489	0,259
3323,490	4,470	0,259
3323,490	4,489	0,259
3323,490	4,489	0,259
3323,490	4,489	0,259
3323,490	4,470	0,259
3323,490	4,470	0,259
3323,490	4,489	0,259
3323,490	4,489	0,259
3323,490	4,470	0,259
3323,490	4,470	0,259
3323,490	4,470	0,259
3323,490	4,470	0,259
3323,490	4,489	0,259
3323,490	4,470	0,259
3323,490	4,470	0,259
3323,490	4,470	0,259
3323,490	4,470	0,259
3323,490	4,470	0,259
3323,490	4,470	0,259
3323,490	4,470	0,259
3323,490	4,470	0,259
3323,490	4,470	0,259
3323,490	4,470	0,259
3323,490	4,470	0,259
3323,490	4,470	0,259
3323,490	4,470	0,259
3323,490	4,470	0,259
3323,490	4,470	0,259
3323,490	4,470	0,259
3323,490	4,470	0,259
3323,490	4,470	0,259
3323,490	4,470	0,283
3323,490	4,470	0,259
3323,490	4,470	0,259
3323,490	4,470	0,259
3323,490	4,470	0,259
3323,490	4,470	0,259
3323,490	4,470	0,259
3323,490	4,470	0,259
3323,490	4,470	0,259
3323,490	4,470	0,259
3323,490	4,489	0,259
3323,490	4,489	0,259
3323,490	4,489	0,259
3323,490	4,489	0,259
3323,490	4,489	0,259
3323,490	4,489	0,259
3323,490	4,489	0,259
3323,490	4,489	0,259
3323,490	4,489	0,259
3323,490	4,489	0,283
3323,490	4,489	0,259
3323,490	4,489	0,259
3323,490	4,489	0,259
3323,490	4,489	0,259
3323,490	4,489	0,259
3323,490	4,489	0,259
3323,490	4,489	0,259
3323,490	4,489	0,259
3323,490	4,489	0,259
3323,490	4,489	0,259
3323,490	4,489	0,259
3323,490	4,489	0,259
3323,490	4,470	0,259
3323,490	4,470	0,259
3323,490	4,470	0,259
3323,490	4,470	0,259
3323,490	4,470	0,259
3323,490	4,470	0,259
3323,490	4,470	0,259
3323,490	4,470	0,259
3323,490	4,470	0,259
3323,490	4,470	0,259
3323,490	4,470	0,259
3323,490	4,470	0,259
3323,490	4,470	0,259
3323,490	4,450	0,259
3323,490	4,470	0,259
3323,490	4,450	0,259
3323,490	4,470	0,259
3323,490	4,450	0,259
3323,490	4,470	0,259
3323,490	4,470	0,259
3323,490	4,470	0,259
3323,490	4,470	0,259
3323,490	4,450	0,259
3323,490	4,450	0,259
3323,490	4,470	0,259
3323,490	4,470	0,259
3323,490	4,470	0,259
3323,490	4,470	0,259
3323,490	4,470	0,259
3323,490	4,470	0,259
3323,490	4,450	0,259
3323,490	4,470	0,259
3323,490	4,450	0,259
3323,490	4,450	0,259
3323,490	4,470	0,259
3323,490	4,470	0,259
3323,490	4,470	0,259
3323,490	4,470	0,283
3323,490	4,450	0,259
3323,490	4,470	0,259
3323,490	4,470	0,259
3323,490	4,470	0,259
3323,490	4,470	0,259
3323,490	4,470	0,259
3323,490	4,470	0,259
3323,490	4,450	0,259
3323,490	4,470	0,259
3323,490	4,470	0,259
3323,490	4,470	0,259
3323,490	4,470	0,259
3323,490	4,450	0,259
3323,490	4,450	0,259
3323,490	4,450	0,259
3323,490	4,470	0,259
3323,490	4,470	0,259
3323,490	4,470	0,259
3323,490	4,470	0,259
3323,490	4,470	0,259
3323,490	4,470	0,259
3323,490	4,470	0,259
3323,490	4,470	0,259
3323,490	4,450	0,259
3323,490	4,450	0,259
3323,490	4,450	0,259
3323,490	4,450	0,259
3323,490	4,450	0,259
3323,490	4,450	0,259
3323,490	4,470	0,259
3323,490	4,470	0,259
3323,490	4,470	0,259
3323,490	4,470	0,259
3323,490	4,470	0,259
3323,490	4,470	0,259
3323,490	4,450	0,259
3323,490	4,470	0,259
3323,490	4,470	0,259
3323,490	4,470	0,259
3323,490	4,470	0,259
3323,490	4,470	0,259
3323,490	4,470	0,259
3323,490	4,470	0,259
3323,490	4,470	0,259
3323,490	4,470	0,259
3323,490	4,470	0,259
3323,490	4,470	0,259
3323,490	4,470	0,259
3323,490	4,470	0,259
3323,490	4,470	0,259
3323,490	4,470	0,259
3323,490	4,470	0,259
3323,490	4,470	0,259
3323,490	4,470	0,259
3323,490	4,470	0,259
3323,490	4,470	0,259
3323,490	4,450	0,259
3323,490	4,431	0,259
3323,490	4,431	0,259
3323,490	4,431	0,259
3323,490	4,386	0,259
3323,490	4,431	0,259
3323,490	4,431	0,259
3323,490	4,386	0,259
3323,490	4,386	0,259
3323,490	4,411	0,259
3323,490	4,431	0,259
3323,490	4,450	0,259
3323,490	4,431	0,259
3323,490	4,386	0,259
3323,490	4,411	0,259
3323,490	4,411	0,259
3323,490	4,411	0,259
3323,490	4,411	0,259
3323,490	4,431	0,259
3323,490	4,431	0,259
3323,490	4,431	0,259
3323,490	4,386	0,259
3323,490	4,411	0,259
3323,490	4,386	0,259
3323,490	4,431	0,259
3323,490	4,386	0,259
3323,490	4,450	0,259
3323,490	4,411	0,259
3323,490	4,411	0,259
3323,490	4,411	0,259
3323,490	4,411	0,259
3323,490	4,411	0,259
3323,490	4,411	0,259
3323,490	4,411	0,259
3323,490	4,411	0,259
3323,490	4,386	0,259
3323,490	4,411	0,259
3323,490	4,431	0,259
3323,490	4,411	0,259
3323,490	4,411	0,259
3323,490	4,411	0,259
3323,490	4,450	0,259
3323,490	4,411	0,259
3323,490	4,431	0,259
3323,490	4,450	0,259
3323,490	4,470	0,259
3323,490	4,431	0,259
3323,490	4,431	0,259
3323,490	4,450	0,259
3323,490	4,411	0,259
3323,490	4,431	0,259
3323,490	4,411	0,259
3323,490	4,431	0,259
3323,490	4,431	0,259
3323,490	4,470	0,259
3323,490	4,470	0,259
3323,490	4,450	0,259
3323,490	4,470	0,259
3323,490	4,411	0,259
3323,490	4,470	0,259
3323,490	4,450	0,259
3323,490	4,431	0,259
3323,490	4,450	0,259
3323,490	4,470	0,259
3323,490	4,470	0,259
3323,490	4,450	0,259
3323,490	4,431	0,259
3323,490	4,431	0,259
3323,490	4,450	0,259
3323,490	4,450	0,259
3323,490	4,431	0,259
3323,490	4,489	0,259
3323,490	4,411	0,259
3323,490	4,470	0,259
3323,490	4,431	0,259
3323,490	4,431	0,259
3323,490	4,431	0,259
3323,490	4,450	0,259
3323,490	4,411	0,259
3323,490	4,431	0,259
3323,490	4,450	0,259
3323,490	4,411	0,259
3323,490	4,431	0,259
3323,490	4,411	0,259
3323,490	4,470	0,259
3323,490	4,411	0,259
3323,490	4,470	0,259
3323,490	4,450	0,259
3323,490	4,411	0,259
3323,490	4,470	0,259
3323,490	4,386	0,259
3323,490	4,386	0,259
3323,490	4,386	0,259
3323,490	4,470	0,259
3323,490	4,411	0,259
3323,490	4,470	0,259
3323,490	4,470	0,259
3323,490	4,450	0,259
3323,490	4,431	0,259
3323,490	4,450	0,259
3323,490	4,470	0,259
3323,490	4,450	0,259
3323,490	4,411	0,259
3323,490	4,431	0,259
3323,490	4,431	0,259
3323,490	4,431	0,259
3323,490	4,431	0,259
3323,490	4,431	0,259
3323,490	4,431	0,259
3323,490	4,411	0,259
3323,490	4,431	0,259
3323,490	4,411	0,259
3323,490	4,431	0,259
3323,490	4,450	0,259
3323,490	4,470	0,259
3323,490	4,489	0,259
3323,490	4,489	0,283
3323,490	4,489	0,259
3323,490	4,450	0,259
3323,490	4,431	0,259
3323,490	4,470	0,259
3323,490	4,470	0,259
3323,490	4,450	0,259
3323,490	4,470	0,259
3323,490	4,450	0,259
3323,490	4,411	0,259
3323,490	4,431	0,259
3323,490	4,411	0,259
3323,490	4,411	0,259
3323,490	4,411	0,259
3323,490	4,411	0,259
3323,490	4,450	0,259
3323,490	4,411	0,259
3323,490	4,411	0,259
3323,490	4,411	0,259
3323,490	4,411	0,259
3323,490	4,470	0,259
3323,490	4,470	0,259
3323,490	4,470	0,259
3323,490	4,386	0,259
3323,490	4,431	0,259
3323,490	4,411	0,259
3323,490	4,386	0,259
3323,490	4,431	0,259
3323,490	4,450	0,259
3323,490	4,431	0,259
3323,490	4,470	0,259
3323,490	4,411	0,259
3323,490	4,431	0,259
3323,490	4,431	0,259
3323,490	4,431	0,259
3323,490	4,450	0,259
3323,490	4,450	0,259
3323,490	4,411	0,259
3323,490	4,411	0,259
3323,490	4,411	0,259
3323,490	4,431	0,259
3323,490	4,450	0,259
3323,490	4,470	0,259
3323,490	4,431	0,259
3323,490	4,450	0,259
3323,490	4,431	0,259
3323,490	4,450	0,259
3323,490	4,489	0,259
3323,490	4,450	0,259
3323,490	4,450	0,259
3323,490	4,431	0,259
3323,490	4,489	0,259
3323,490	4,431	0,259
3323,490	4,450	0,259
3323,490	4,450	0,259
3323,490	4,411	0,259
3323,490	4,470	0,259
3323,490	4,431	0,259
3323,490	4,431	0,259
3323,490	4,470	0,259
3323,490	4,450	0,259
3323,490	4,411	0,259
3323,490	4,450	0,259
3323,490	4,431	0,259
3323,490	4,431	0,259
3323,490	4,450	0,259
3323,490	4,411	0,259
3323,490	4,411	0,259
3323,490	4,450	0,259
3323,490	4,470	0,259
3323,490	4,431	0,259
3323,490	4,431	0,259
3323,490	4,411	0,259
3323,490	4,431	0,259
3323,490	4,411	0,259
3323,490	4,411	0,259
3323,490	4,470	0,259
3323,490	4,411	0,259
3323,490	4,450	0,259
3323,490	4,411	0,259
3323,490	4,450	0,259
3323,490	4,450	0,259
3323,490	4,431	0,259
3323,490	4,431	0,259
3323,490	4,411	0,259
3323,490	4,431	0,259
3323,490	4,431	0,259
3323,490	4,431	0,259
3323,490	4,386	0,259
3323,490	4,411	0,259
3323,490	4,386	0,259
3323,490	4,386	0,259
3323,490	4,411	0,259
3323,490	4,431	0,259
3323,490	4,411	0,259
3323,490	4,366	0,259
3323,490	4,431	0,259
3323,490	4,450	0,259
3323,490	4,411	0,259
3323,490	4,431	0,259
3323,490	4,411	0,259
3323,490	4,431	0,259
3323,490	4,450	0,259
3323,490	4,431	0,259
3323,490	4,470	0,259
3323,490	4,411	0,259
3323,490	4,431	0,259
3323,490	4,431	0,259
3323,490	4,411	0,259
3323,490	4,450	0,259
3323,490	4,411	0,259
3323,490	4,411	0,259
3323,490	4,411	0,259
3323,490	4,411	0,259
3323,490	4,431	0,283
3323,490	4,431	0,259
3323,490	4,386	0,259
3323,490	4,411	0,259
3323,490	4,431	0,259
3323,490	4,411	0,259
3323,490	4,431	0,259
3323,490	4,450	0,259
3323,490	4,450	0,259
3323,490	4,411	0,259
3323,490	4,431	0,259
3323,490	4,386	0,259
3323,490	4,386	0,259
3323,490	4,431	0,259
3323,490	4,431	0,259
3323,490	4,366	0,259
3323,490	4,386	0,259
3323,490	4,411	0,259
3323,490	4,386	0,259
3323,490	4,431	0,259
3323,490	4,366	0,259
3323,490	4,431	0,259
3323,490	4,386	0,259
3323,490	4,386	0,259
3323,490	4,431	0,259
3323,490	4,431	0,259
3323,490	4,411	0,259
3323,490	4,411	0,259
3323,490	4,431	0,259
3323,490	4,431	0,259
3323,490	4,431	0,259
3323,490	4,411	0,259
3323,490	4,450	0,259
3323,490	4,431	0,259
3323,490	4,411	0,259
3323,490	4,470	0,259
3323,490	4,411	0,259
3323,490	4,431	0,259
3323,490	4,386	0,259
3323,490	4,450	0,259
3323,490	4,386	0,259
3323,490	4,386	0,259
3323,490	4,431	0,259
3323,490	4,411	0,259
3323,490	4,431	0,259
3323,490	4,431	0,259
3323,490	4,411	0,259
3323,490	4,386	0,259
3323,490	4,411	0,259
3323,490	4,386	0,259
3323,490	4,386	0,259
3323,490	4,386	0,259
3323,490	4,386	0,259
3323,490	4,431	0,259
3323,490	4,386	0,259
3323,490	4,431	0,259
3323,490	4,431	0,259
3323,490	4,411	0,259
3323,490	4,411	0,259
3323,490	4,431	0,259
3323,490	4,431	0,259
3323,490	4,386	0,259
3323,490	4,450	0,259
3323,490	4,386	0,259
3323,490	4,411	0,259
3323,490	4,411	0,259
3323,490	4,411	0,259
3323,490	4,366	0,259
3323,490	4,411	0,259
3323,490	4,411	0,259
3323,490	4,431	0,259
3323,490	4,411	0,259
3323,490	4,386	0,259
3323,490	4,386	0,259
3323,490	4,386	0,259
3323,490	4,411	0,259
3323,490	4,386	0,259
3323,490	4,411	0,259
3323,490	4,411	0,259
3323,490	4,386	0,259
3323,490	4,366	0,259
3323,490	4,411	0,259
3323,490	4,386	0,259
3323,490	4,386	0,283
3323,490	4,431	0,259
3323,490	4,431	0,259
3323,490	4,411	0,259
3323,490	4,411	0,259
3323,490	4,386	0,259
3323,490	4,411	0,259
3323,490	4,431	0,259
3323,490	4,411	0,259
3323,490	4,411	0,259
3323,490	4,411	0,259
3323,490	4,431	0,259
3323,490	4,386	0,259
3323,490	4,366	0,259
3323,490	4,386	0,259
3323,490	4,411	0,259
3323,490	4,366	0,259
3323,490	4,431	0,259
3323,490	4,366	0,259
3323,490	4,347	0,259
3323,490	4,386	0,259
3323,490	4,411	0,259
3323,490	4,386	0,259
3323,490	4,386	0,259
3323,490	4,431	0,259
3323,490	4,431	0,259
3323,490	4,411	0,259
3323,490	4,411	0,259
3323,490	4,450	0,259
3323,490	4,431	0,259
3323,490	4,411	0,259
3323,490	4,386	0,259
3323,490	4,431	0,259
3323,490	4,431	0,259
3323,490	4,450	0,259
3323,490	4,411	0,259
3323,490	4,450	0,259
3323,490	4,431	0,259
3323,490	4,411	0,259
3323,490	4,411	0,259
3323,490	4,386	0,259
3323,490	4,411	0,259
3323,490	4,411	0,259
3323,490	4,431	0,259
3323,490	4,411	0,259
3323,490	4,431	0,259
3323,490	4,431	0,259
3323,490	4,431	0,259
3323,490	4,411	0,259
3323,490	4,411	0,259
3323,490	4,411	0,259
3323,490	4,431	0,259
3323,490	4,431	0,259
3323,490	4,386	0,259
3323,490	4,411	0,259
3323,490	4,411	0,259
3323,490	4,386	0,259
3323,490	4,431	0,259
3323,490	4,386	0,259
3323,490	4,411	0,259
3323,490	4,386	0,259
3323,490	4,411	0,259
3323,490	4,450	0,259
3323,490	4,431	0,259
3323,490	4,431	0,259
3323,490	4,470	0,259
3323,490	4,450	0,259
3323,490	4,450	0,259
3323,490	4,431	0,259
3323,490	4,431	0,259
3323,490	4,411	0,259
3323,490	4,411	0,259
3323,490	4,431	0,259
3323,490	4,411	0,259
3323,490	4,470	0,259
3323,490	4,431	0,259
3323,490	4,411	0,259
3323,490	4,431	0,259
3323,490	4,450	0,259
3323,490	4,470	0,259
3323,490	4,431	0,259
3323,490	4,411	0,259
3323,490	4,450	0,259
3323,490	4,450	0,259
3323,490	4,411	0,259
3323,490	4,450	0,259
3323,490	4,450	0,259
3323,490	4,386	0,259
3323,490	4,411	0,259
3323,490	4,411	0,259
3323,490	4,450	0,259
3323,490	4,450	0,259
3323,490	4,411	0,259
3323,490	4,450	0,259
3323,490	4,450	0,259
3323,490	4,431	0,259
3323,490	4,386	0,259
3323,490	4,431	0,259
3323,490	4,411	0,259
3323,490	4,431	0,259
3323,490	4,431	0,259
3323,490	4,450	0,259
3323,490	4,431	0,259
3323,490	4,470	0,259
3323,490	4,431	0,259
3323,490	4,431	0,259
3323,490	4,431	0,259
3323,490	4,431	0,259
3323,490	4,431	0,259
3323,490	4,411	0,259
3323,490	4,431	0,259
3323,490	4,431	0,259
3323,490	4,431	0,259
3323,490	4,431	0,259
3323,490	4,450	0,259
3323,490	4,431	0,259
3323,490	4,411	0,259
3323,490	4,450	0,259
3323,490	4,411	0,259
3323,490	4,411	0,259
3323,490	4,411	0,259
3323,490	4,431	0,259
3323,490	4,431	0,259
3323,490	4,431	0,259
3323,490	4,411	0,259
3323,490	4,431	0,259
3323,490	4,411	0,259
3323,490	4,431	0,259
3323,490	4,411	0,259
3323,490	4,431	0,259
3323,490	4,450	0,259
3323,490	4,411	0,259
3323,490	4,411	0,259
3323,490	4,450	0,259
3323,490	4,431	0,259
3323,490	4,431	0,259
3323,490	4,450	0,259
3323,490	4,411	0,259
3323,490	4,450	0,259
3323,490	4,450	0,259
3323,490	4,450	0,259
3323,490	4,431	0,259
3323,490	4,450	0,259
3323,490	4,431	0,259
3323,490	4,450	0,259
3323,490	4,431	0,259
3323,490	4,431	0,259
3323,490	4,450	0,259
3323,490	4,411	0,259
3323,490	4,431	0,259
3323,490	4,431	0,259
3323,490	4,431	0,259
3323,490	4,450	0,259
3323,490	4,431	0,259
3323,490	4,431	0,259
3323,490	4,450	0,259
3323,490	4,431	0,259
3323,490	4,450	0,259
3323,490	4,431	0,259
3323,490	4,431	0,259
3323,490	4,411	0,259
3323,490	4,431	0,259
3323,490	4,431	0,259
3323,490	4,431	0,259
3323,490	4,386	0,259
3323,490	4,411	0,259
3323,490	4,386	0,259
3323,490	4,411	0,259
3323,490	4,411	0,259
3323,490	4,411	0,259
3323,490	4,450	0,259
3323,490	4,450	0,259
3323,490	4,431	0,259
3323,490	4,450	0,259
3323,490	4,450	0,259
3323,490	4,431	0,259
3323,490	4,411	0,259
3323,490	4,470	0,259
3323,490	4,431	0,259
3323,490	4,411	0,259
3323,490	4,450	0,259
3323,490	4,450	0,259
3323,490	4,431	0,259
3323,490	4,431	0,259
3323,490	4,431	0,259
3323,490	4,431	0,259
3323,490	4,431	0,259
3323,490	4,431	0,259
3323,490	4,431	0,259
3323,490	4,431	0,259
3323,490	4,431	0,259
3323,490	4,431	0,239
3323,490	4,431	0,259
3323,490	4,431	0,259
3323,490	4,450	0,259
3323,490	4,450	0,259
3323,490	4,411	0,259
3323,490	4,431	0,259
3323,490	4,431	0,259
3323,490	4,431	0,259
3323,490	4,431	0,259
3323,490	4,366	0,259
3323,490	4,386	0,259
3323,490	4,386	0,259
3323,490	4,366	0,259
3323,490	4,366	0,259
3323,490	4,347	0,259
3323,490	4,347	0,259
3323,490	4,308	0,259
3323,490	4,327	0,259
3323,490	4,308	0,259
3323,490	4,347	0,259
3323,490	4,411	0,259
3323,490	4,327	0,259
3323,490	4,327	0,259
3323,490	4,308	0,259
3323,490	4,386	0,259
3323,490	4,386	0,259
3323,490	4,347	0,259
3323,490	4,366	0,259
3323,490	4,386	0,259
3323,490	4,366	0,259
3323,490	4,431	0,259
3323,490	4,366	0,259
3323,490	4,366	0,259
3323,490	4,431	0,259
3323,490	4,431	0,259
3323,490	4,431	0,259
3323,490	4,431	0,259
3323,490	4,450	0,259
3323,490	4,386	0,259
3323,490	4,386	0,259
3323,490	4,431	0,259
3323,490	4,431	0,259
3323,490	4,411	0,259
3323,490	4,411	0,259
3323,490	4,386	0,259
3323,490	4,386	0,259
3323,490	4,386	0,259
3323,490	4,366	0,259
3323,490	4,366	0,259
3323,490	4,411	0,259
3323,490	4,386	0,259
3323,490	4,386	0,259
3323,490	4,366	0,259
3323,490	4,431	0,259
3323,490	4,411	0,259
3323,490	4,431	0,259
3323,490	4,366	0,259
3323,490	4,366	0,259
3323,490	4,386	0,259
3323,490	4,431	0,283
3323,490	4,386	0,259
3323,490	4,366	0,259
3323,490	4,366	0,259
3323,490	4,431	0,259
3323,490	4,386	0,259
3323,490	4,366	0,259
3323,490	4,386	0,259
3323,490	4,386	0,259
3323,490	4,386	0,259
3323,490	4,386	0,259
3323,490	4,386	0,259
3323,490	4,431	0,259
3323,490	4,386	0,259
3323,490	4,366	0,259
3323,490	4,431	0,259
3323,490	4,366	0,259
3323,490	4,366	0,259
3323,490	4,386	0,259
3323,490	4,431	0,259
3323,490	4,386	0,259
3323,490	4,431	0,259
3323,490	4,366	0,259
3323,490	4,431	0,259
3323,490	4,411	0,259
3323,490	4,386	0,259
3323,490	4,386	0,259
3323,490	4,347	0,259
3323,490	4,347	0,259
3323,490	4,411	0,259
3323,490	4,347	0,259
3323,490	4,411	0,259
3323,490	4,411	0,259
3323,490	4,347	0,259
3323,490	4,347	0,259
3323,490	4,366	0,259
3323,490	4,366	0,259
3323,490	4,347	0,259
3323,490	4,347	0,259
3323,490	4,431	0,259
3323,490	4,347	0,259
3323,490	4,386	0,259
3323,490	4,411	0,259
3323,490	4,366	0,259
3323,490	4,347	0,259
3323,490	4,386	0,259
3323,490	4,411	0,259
3323,490	4,386	0,259
3323,490	4,366	0,259
3323,490	4,366	0,259
3323,490	4,366	0,259
3323,490	4,386	0,259
3323,490	4,431	0,259
3323,490	4,366	0,259
3323,490	4,347	0,259
3323,490	4,308	0,259
3323,490	4,148	0,259
3323,490	3,864	0,259
3323,490	3,659	0,259
3323,490	3,864	0,259
3323,490	4,024	0,259
3323,490	4,268	0,259
3323,490	4,366	0,259
3323,490	4,148	0,259
3323,490	3,962	0,259
3323,490	3,800	0,259
3323,490	3,702	0,259
3323,490	3,780	0,259
3323,490	3,780	0,259
3323,490	3,800	0,259
3323,490	3,741	0,259
3323,490	4,226	0,259
3323,490	4,128	0,259
3323,490	3,819	0,259
3323,490	3,679	0,259
3323,490	3,741	0,259
3323,490	3,679	0,259
3323,490	3,517	0,259
3323,490	3,536	0,259
3323,490	3,581	0,259
3323,490	3,562	0,259
3323,490	3,562	0,259
3323,490	3,581	0,259
3323,490	3,562	0,259
3323,490	3,679	0,259
3323,490	3,601	0,259
3323,490	3,702	0,259
3323,490	3,601	0,259
3323,490	3,601	0,259
3323,490	3,620	0,259
3323,490	3,679	0,259
3323,490	3,620	0,259
3323,490	3,702	0,259
3323,490	3,741	0,259
3323,490	3,741	0,259
3323,490	3,864	0,259
3323,490	3,904	0,259
3323,490	3,884	0,259
3323,490	3,864	0,259
3323,490	3,904	0,259
3323,490	3,943	0,259
3323,490	3,845	0,259
3323,490	3,761	0,259
3323,490	3,800	0,259
3323,490	3,800	0,259
3323,490	3,800	0,259
3323,490	3,741	0,259
3323,490	3,780	0,259
3323,490	3,679	0,259
3323,490	3,780	0,259
3323,490	3,800	0,259
3323,490	3,800	0,259
3323,490	3,761	0,259
3323,490	3,761	0,259
3323,490	3,800	0,259
3323,490	3,864	0,259
3323,490	3,819	0,259
3323,490	3,864	0,259
3323,490	3,741	0,259
3323,490	3,845	0,259
3323,490	3,845	0,259
3323,490	3,702	0,259
3323,490	3,679	0,259
3323,490	3,659	0,259
3323,490	3,761	0,259
3323,490	3,640	0,259
3323,490	3,702	0,259
3323,490	3,640	0,259
3323,490	3,761	0,259
3323,490	3,761	0,259
3323,490	3,679	0,259
3323,490	3,741	0,259
3323,490	3,819	0,259
3323,490	3,780	0,259
3323,490	3,800	0,259
3323,490	3,884	0,259
3323,490	3,819	0,259
3323,490	3,864	0,259
3323,490	3,845	0,259
3323,490	3,904	0,259
3323,490	3,800	0,259
3323,490	3,864	0,259
3323,490	3,741	0,259
3323,490	3,640	0,259
3323,490	3,702	0,259
3323,490	3,581	0,259
3323,490	3,620	0,259
3323,490	3,640	0,259
3323,490	3,581	0,259
3323,490	3,562	0,259
3323,490	3,581	0,259
3323,490	3,679	0,259
3323,490	3,904	0,259
3323,490	4,083	0,259
3323,490	4,226	0,259
3323,490	4,206	0,259
3323,490	4,167	0,259
3323,490	4,206	0,259
3323,490	4,288	0,259
3323,490	4,187	0,259
3323,490	4,187	0,259
3323,490	4,167	0,259
3323,490	4,128	0,259
3323,490	3,659	0,259
3323,490	3,477	0,259
3323,490	3,357	0,259
3323,490	3,337	0,259
3323,490	3,438	0,259
3323,490	3,396	0,259
3323,490	3,477	0,259
3323,490	3,581	0,259
3323,490	4,102	0,259
3323,490	4,308	0,259
3323,490	4,245	0,259
3323,490	4,226	0,259
3323,490	4,288	0,259
3323,490	4,245	0,259
3323,490	4,226	0,259
3323,490	4,226	0,259
3323,490	4,308	0,259
3323,490	4,268	0,259
3323,490	4,268	0,259
3323,490	4,187	0,259
3323,490	4,044	0,259
3323,490	3,819	0,259
3323,490	3,659	0,259
3323,490	3,581	0,259
3323,490	3,438	0,259
3323,490	3,517	0,259
3323,490	3,517	0,259
3323,490	3,640	0,259
3323,490	3,761	0,259
3323,490	4,024	0,259
3323,490	4,128	0,259
3323,490	4,167	0,259
3323,490	4,187	0,259
3323,490	4,187	0,259
3323,490	4,167	0,259
3323,490	4,206	0,259
3323,490	4,167	0,259
3323,490	4,206	0,259
3323,490	4,226	0,259
3323,490	4,148	0,259
3323,490	3,943	0,259
3323,490	3,722	0,259
3323,490	3,536	0,259
3323,490	3,438	0,283
3323,490	3,458	0,259
3323,490	3,497	0,259
3323,490	3,477	0,259
3323,490	3,620	0,259
3323,490	3,943	0,259
3323,490	4,167	0,259
3323,490	4,226	0,259
3323,490	4,187	0,259
3323,490	4,148	0,259
3323,490	4,206	0,259
3323,490	4,102	0,259
3323,490	4,063	0,283
3323,490	4,083	0,259
3323,490	3,962	0,259
3323,490	3,943	0,259
3323,490	3,923	0,259
3323,490	3,943	0,259
3323,490	4,005	0,259
3323,490	3,780	0,259
3323,490	2,771	0,259
3323,490	1,739	0,259
3323,490	1,153	0,259
3323,490	1,032	0,259
3323,490	0,890	0,259
3323,490	0,847	0,259
3323,490	1,013	0,259
3323,490	1,153	0,259
3323,490	1,657	0,259
3323,490	1,862	0,259
3323,490	2,325	0,259
3323,490	2,345	0,259
3323,490	2,243	0,259
3323,490	2,061	0,259
3323,490	1,579	0,259
3323,490	1,456	0,259
3323,490	1,316	0,259
3323,490	1,316	0,259
3323,490	1,374	0,259
3323,490	1,456	0,259
3323,490	1,534	0,259
3323,490	1,696	0,259
3323,490	1,882	0,259
3323,490	1,798	0,259
3323,490	1,921	0,259
3323,490	1,798	0,259
3323,490	1,817	0,259
3323,490	1,837	0,259
3323,490	1,921	0,259
3323,490	1,837	0,259
3323,490	1,759	0,259
3323,490	1,798	0,259
3323,490	1,862	0,259
3323,490	1,817	0,259
3323,490	1,817	0,259
3323,490	1,720	0,259
3323,490	1,599	0,259
3323,490	1,638	0,259
3323,490	1,677	0,259
3323,490	1,599	0,259
3323,490	1,657	0,239
3323,490	1,720	0,259
3323,490	1,739	0,259
3323,490	1,778	0,259
3323,490	1,720	0,259
3323,490	1,618	0,259
3323,490	1,720	0,259
3323,490	1,677	0,259
3323,490	1,638	0,259
3323,490	1,657	0,259
3323,490	1,759	0,259
3323,490	1,759	0,259
3323,490	1,778	0,259
3323,490	1,739	0,259
3323,490	1,778	0,259
3323,490	1,960	0,259
3323,490	2,120	0,259
3323,490	2,120	0,259
3323,490	2,081	0,259
3323,490	2,022	0,259
3323,490	2,042	0,259
3323,490	2,081	0,259
3323,490	2,042	0,259
3323,490	2,101	0,259
3323,490	2,120	0,259
3323,490	2,120	0,259
3323,490	2,081	0,259
3323,490	2,061	0,259
3323,490	2,204	0,259
3323,490	2,628	0,259
3323,490	2,810	0,259
3323,490	2,790	0,259
3323,490	2,931	0,259
3323,490	2,829	0,259
3323,490	2,950	0,259
3323,490	2,829	0,259
3323,490	2,892	0,259
3323,490	2,995	0,259
3323,490	3,093	0,259
3323,490	3,175	0,259
3323,490	3,155	0,259
3323,490	3,093	0,259
3323,490	3,112	0,259
3323,490	3,112	0,259
3323,490	3,233	0,259
3323,490	3,233	0,259
3323,490	3,136	0,259
3323,490	3,155	0,259
3323,490	3,093	0,283
3323,490	2,892	0,259
3323,490	2,970	0,259
3323,490	2,892	0,283
3323,490	2,892	0,259
3323,490	2,950	0,259
3323,490	3,073	0,283
3323,490	3,093	0,259
3323,490	3,155	0,259
3323,490	3,298	0,283
3323,490	3,376	0,259
3323,490	3,376	0,259
3323,490	3,536	0,259
3323,490	3,536	0,259
3323,490	3,562	0,283
3323,490	3,458	0,259
3323,490	3,477	0,259
3323,490	3,581	0,259
3323,490	3,497	0,259
3323,490	3,562	0,259
3323,490	3,640	0,259
3323,490	3,581	0,259
3323,490	3,536	0,259
3323,490	3,536	0,259
3323,490	3,562	0,259
3323,490	3,659	0,259
3323,490	3,581	0,259
3323,490	3,620	0,259
3323,490	3,581	0,259
3323,490	3,601	0,259
3323,490	3,562	0,259
3323,490	3,620	0,259
3323,490	3,620	0,259
3323,490	3,640	0,259
3323,490	3,620	0,259
3323,490	3,640	0,259
3323,490	3,620	0,259
3323,490	3,722	0,259
3323,490	3,620	0,259
3323,490	3,659	0,259
3323,490	3,640	0,259
3323,490	3,702	0,259
3323,490	3,679	0,259
3323,490	3,640	0,259
3323,490	3,659	0,259
3323,490	3,679	0,259
3323,490	3,659	0,259
3323,490	3,659	0,259
3323,490	3,702	0,259
3323,490	3,640	0,259
3323,490	3,659	0,259
3323,490	3,659	0,259
3323,490	3,659	0,259
3323,490	3,702	0,259
3323,490	3,659	0,259
3323,490	3,659	0,259
3323,490	3,640	0,259
3323,490	3,741	0,259
3323,490	3,640	0,259
3323,490	3,659	0,259
3323,490	3,702	0,259
3323,490	3,679	0,259
3323,490	3,702	0,259
3323,490	3,659	0,259
3323,490	3,659	0,259
3323,490	3,640	0,259
3323,490	3,640	0,259
3323,490	3,640	0,259
3323,490	3,679	0,259
3323,490	3,659	0,259
3323,490	3,679	0,259
3323,490	3,679	0,259
3323,490	3,741	0,259
3323,490	3,741	0,259
3323,490	3,679	0,259
3323,490	3,659	0,259
3323,490	3,702	0,259
3323,490	3,761	0,259
3323,490	3,761	0,259
3323,490	3,761	0,259
3323,490	3,761	0,259
3323,490	3,761	0,259
3323,490	3,741	0,259
3323,490	3,761	0,259
3323,490	3,761	0,259
3323,490	3,761	0,259
3323,490	3,761	0,259
3323,490	3,722	0,259
3323,490	3,679	0,259
3323,490	3,659	0,259
3323,490	3,679	0,259
3323,490	3,679	0,259
3323,490	3,761	0,259
3323,490	3,761	0,259
3323,490	3,761	0,259
3323,490	3,722	0,259
3323,490	3,679	0,259
3323,490	3,702	0,259
3323,490	3,741	0,259
3323,490	3,722	0,259
3323,490	3,722	0,259
3323,490	3,722	0,259
3323,490	3,702	0,259
3323,490	3,679	0,259
3323,490	3,679	0,259
3323,490	3,679	0,259
3323,490	3,702	0,259
3323,490	3,702	0,259
3323,490	3,702	0,259
3323,490	3,679	0,259
3323,490	3,679	0,259
3323,490	3,679	0,259
3323,490	3,702	0,259
3323,490	3,702	0,259
3323,490	3,679	0,259
3323,490	3,679	0,259
3323,490	3,679	0,259
3323,490	3,679	0,259
3323,490	3,679	0,259
3323,490	3,679	0,259
3323,490	3,679	0,283
3323,490	3,679	0,259
3323,490	3,679	0,259
3323,490	3,679	0,259
3323,490	3,679	0,259
3323,490	3,679	0,259
3323,490	3,679	0,259
3323,490	3,679	0,259
3323,490	3,679	0,259
3323,490	3,679	0,259
3323,490	3,679	0,259
3323,490	3,679	0,259
3323,490	3,679	0,259
3323,490	3,679	0,259
3323,490	3,679	0,259
3323,490	3,659	0,259
3323,490	3,679	0,259
3323,490	3,679	0,259
3323,490	3,679	0,259
3323,490	3,659	0,259
3323,490	3,679	0,259
3323,490	3,659	0,259
3323,490	3,659	0,259
3323,490	3,659	0,259
3323,490	3,679	0,283
3323,490	3,659	0,259
3323,490	3,659	0,259
3323,490	3,659	0,259
3323,490	3,659	0,259
3323,490	3,659	0,259
3323,490	3,659	0,259
3323,490	3,659	0,259
3323,490	3,659	0,259
3323,490	3,659	0,259
3323,490	3,659	0,259
3323,490	3,659	0,259
3323,490	3,659	0,259
3323,490	3,659	0,259
3323,490	3,659	0,259
3323,490	3,659	0,259
3323,490	3,659	0,259
3323,490	3,659	0,283
3323,490	3,659	0,259
3323,490	3,640	0,259
3323,490	3,640	0,259
3323,490	3,640	0,259
3323,490	3,640	0,259
3323,490	3,640	0,259
3323,490	3,640	0,259
3323,490	3,640	0,259
3323,490	3,640	0,283
3323,490	3,640	0,259
3323,490	3,640	0,259
3323,490	3,640	0,283
3323,490	3,640	0,259
3323,490	3,640	0,259
3323,490	3,640	0,259
3323,490	3,640	0,259
3323,490	3,640	0,259
3323,490	3,640	0,259
3323,490	3,659	0,259
3323,490	3,659	0,259
3323,490	3,640	0,259
3323,490	3,659	0,259
3323,490	3,659	0,259
3323,490	3,659	0,259
3323,490	3,659	0,259
3323,490	3,659	0,259
3323,490	3,659	0,259
3323,490	3,659	0,259
3323,490	3,679	0,259
3323,490	3,679	0,259
3323,490	3,659	0,259
3323,490	3,679	0,259
3323,490	3,679	0,259
3323,490	3,679	0,259
3323,490	3,679	0,259
3323,490	3,679	0,259
3323,490	3,679	0,259
3323,490	3,679	0,259
3323,490	3,702	0,259
3323,490	3,702	0,259
3323,490	3,702	0,259
3323,490	3,702	0,259
3323,490	3,702	0,259
3323,490	3,702	0,259
3323,490	3,702	0,259
3323,490	3,702	0,259
3323,490	3,702	0,259
3323,490	3,702	0,259
3323,490	3,722	0,259
3323,490	3,702	0,259
3323,490	3,722	0,259
3323,490	3,722	0,259
3323,490	3,722	0,259
3323,490	3,722	0,259
3323,490	3,722	0,259
3323,490	3,722	0,259
3323,490	3,722	0,259
3323,490	3,741	0,259
3323,490	3,741	0,259
3323,490	3,741	0,259
3323,490	3,741	0,259
3323,490	3,741	0,259
3323,490	3,741	0,259
3323,490	3,741	0,259
3323,490	3,741	0,259
3323,490	3,741	0,259
3323,490	3,741	0,259
3323,490	3,741	0,259
3323,490	3,741	0,259
3323,490	3,741	0,259
3323,490	3,741	0,259
