3399,953	3,497	-0,020
3399,538	3,497	-0,020
3399,123	3,517	0,000
3398,708	3,054	-0,020
3398,293	3,054	-0,020
3397,878	3,054	-0,020
3397,463	3,054	0,000
3397,048	3,054	0,000
3396,633	3,054	-0,020
3396,217	3,054	-0,020
3395,802	3,054	-0,020
3395,387	3,054	-0,020
3394,972	3,054	-0,020
3394,557	3,073	0,000
3394,142	3,054	-0,020
3393,727	3,054	-0,020
3393,312	3,054	-0,020
3392,897	3,054	-0,020
3392,481	3,054	0,000
3392,066	3,073	0,000
3391,651	3,054	-0,020
3391,236	3,073	-0,020
3390,821	3,073	-0,020
3390,406	3,054	-0,020
3389,991	3,034	-0,020
3389,576	2,995	0,000
3389,161	2,950	-0,020
3388,745	2,892	-0,020
3388,330	2,852	-0,020
3387,915	2,790	-0,020
3387,500	2,751	-0,020
3387,085	2,712	0,000
3386,670	2,647	-0,020
3386,255	2,608	-0,020
3385,840	2,569	-0,020
3385,425	2,527	0,000
3385,009	2,468	-0,020
3384,594	2,429	-0,020
3384,179	2,384	-0,020
3383,764	2,345	-0,020
3383,349	2,306	0,000
3382,934	2,243	-0,020
3382,519	2,204	-0,020
3382,104	2,165	0,000
3381,689	2,120	-0,020
3381,274	2,081	-0,020
3380,858	2,042	0,000
3380,443	2,022	-0,020
3380,028	1,980	-0,020
3379,613	1,941	-0,020
3379,198	1,902	-0,020
3378,783	1,882	-0,020
3378,368	1,837	0,000
3377,953	1,817	-0,020
3377,538	1,778	-0,020
3377,122	1,739	0,000
3376,707	1,720	0,000
3376,292	1,677	-0,020
3375,877	1,638	0,000
3375,462	1,618	0,000
3375,047	1,554	-0,020
3374,632	1,534	0,000
3374,217	1,495	-0,020
3373,802	1,456	-0,020
3373,386	1,413	-0,020
3372,971	1,394	-0,020
3372,556	1,374	-0,020
3372,141	1,355	-0,020
3371,726	1,335	0,000
3371,311	1,316	-0,020
3370,896	1,316	0,000
3370,481	1,296	0,000
3370,066	1,270	0,000
3369,651	1,251	-0,020
3369,235	1,231	-0,020
3368,820	1,192	-0,020
3368,405	1,173	-0,020
3367,990	1,130	0,000
3367,575	1,071	-0,020
3367,160	1,032	-0,020
3366,745	0,968	0,000
3366,330	0,929	0,000
3365,915	0,890	-0,020
3365,499	0,870	0,000
3365,084	0,847	-0,020
3364,669	0,870	-0,020
3364,254	0,890	0,000
3363,839	0,948	-0,020
3363,424	1,032	-0,020
3363,009	1,130	-0,020
3362,594	1,270	0,000
3362,179	1,456	-0,020
3361,763	1,720	0,000
3361,348	1,980	-0,020
3360,933	2,286	-0,020
3360,518	2,589	0,000
3360,103	2,970	0,000
3359,688	3,337	0,000
3359,273	3,659	0,000
3358,858	3,943	-0,020
3358,443	4,206	0,000
3358,028	4,450	0,000
3357,612	4,669	-0,020
3357,197	4,854	-0,020
3356,782	4,952	0,000
3356,367	5,036	-0,020
3355,952	5,075	-0,020
3355,537	5,118	0,000
3355,122	5,157	-0,020
3354,707	5,177	-0,020
3354,292	5,196	0,000
3353,876	5,196	-0,020
3353,461	5,196	-0,020
3353,046	5,235	0,000
3352,631	5,235	0,000
3352,216	5,216	-0,020
3351,801	5,216	-0,020
3351,386	5,216	-0,020
3350,971	5,196	0,000
3350,556	5,196	-0,020
3350,140	5,196	-0,020
3349,725	5,196	0,000
3349,310	5,196	0,000
3348,895	5,196	-0,020
3348,480	5,177	-0,020
3348,065	5,177	0,000
3347,650	5,177	-0,020
3347,235	5,177	0,000
3346,820	5,177	0,000
3346,404	5,177	0,000
3345,989	5,196	0,000
3345,574	5,177	0,000
3345,159	5,177	0,000
3344,744	5,177	0,020
3344,329	5,157	0,039
3343,914	5,138	0,078
3343,499	5,095	0,098
3343,084	5,036	0,161
3342,669	4,933	0,283
3342,253	4,792	0,400
3341,838	4,610	0,566
3341,423	4,288	0,928
3341,008	3,904	1,294
3340,593	3,477	1,719
3340,178	2,872	2,324
3339,763	2,146	3,071
3339,348	1,495	3,701
3338,933	0,847	4,346
3338,517	0,343	4,873
3338,102	0,060	5,137
3337,687	0,060	5,137
3337,272	0,323	4,873
3336,857	0,685	4,512
3336,442	1,111	4,082
3336,027	1,579	3,638
3335,612	1,720	3,477
3335,197	1,657	3,540
3334,781	1,456	3,760
3334,366	1,032	4,165
3333,951	0,564	4,629
3333,536	0,183	5,015
3333,121	0,020	5,137
3332,706	0,183	5,015
3332,291	0,626	4,551
3331,876	1,316	3,843
3331,461	2,061	3,091
3331,046	2,732	2,427
3330,630	3,337	1,777
3330,215	3,904	1,211
3329,800	4,308	0,806
3329,385	4,591	0,542
3328,970	4,773	0,361
3328,555	4,913	0,239
3328,140	4,997	0,142
3327,725	5,075	0,078
3327,310	5,118	0,039
3326,894	5,138	0,020
3326,479	5,157	0,000
3326,064	5,157	0,000
3325,649	5,157	0,000
3325,234	5,157	0,000
3324,819	5,177	0,000
3324,404	5,157	-0,020
3323,989	5,177	0,000
3323,574	5,157	0,000
3323,158	5,157	-0,020
3322,743	5,157	0,000
3322,328	5,177	-0,020
3321,913	5,157	-0,020
3321,498	5,157	-0,020
3321,083	5,177	0,000
3320,668	5,177	-0,020
3320,253	5,177	-0,020
3319,838	5,177	-0,020
3319,423	5,157	-0,020
3319,007	5,157	0,000
3318,592	5,157	-0,020
3318,177	5,138	-0,020
3317,762	5,118	-0,020
3317,347	5,095	0,000
3316,932	5,056	0,000
3316,517	4,997	-0,020
3316,102	4,893	-0,020
3315,687	4,734	-0,020
3315,271	4,552	-0,020
3314,856	4,226	-0,020
3314,441	3,864	-0,020
3314,026	3,458	-0,020
3313,611	2,995	-0,020
3313,196	2,487	-0,020
3312,781	1,862	0,000
3312,366	1,413	0,000
3311,951	0,987	0,000
3311,535	0,730	-0,020
3311,120	0,525	-0,020
3310,705	0,362	-0,020
3310,290	0,261	-0,020
3309,875	0,202	-0,020
3309,460	0,138	0,000
3309,045	0,118	-0,020
3308,630	0,079	-0,020
3308,215	0,079	-0,020
3307,799	0,079	-0,020
3307,384	0,079	-0,020
3306,969	0,079	-0,020
3306,554	0,079	-0,020
3306,139	0,099	-0,020
3305,724	0,118	-0,020
3305,309	0,118	-0,020
3304,894	0,138	-0,020
3304,479	0,138	-0,020
3304,064	0,138	-0,020
3303,648	0,138	-0,020
3303,233	0,138	0,000
3302,818	0,118	-0,020
3302,403	0,118	-0,020
3301,988	0,118	0,000
3301,573	0,099	-0,020
3301,158	0,099	-0,020
3300,743	0,118	0,000
3300,328	0,099	-0,020
3299,912	0,118	-0,020
3299,497	0,118	-0,020
3299,082	0,118	-0,020
3298,667	0,118	-0,020
3298,252	0,138	-0,020
3297,837	0,138	0,000
3297,422	0,138	-0,020
3297,007	0,138	0,000
3296,592	0,138	-0,020
3296,176	0,138	0,000
3295,761	0,118	-0,020
3295,346	0,138	-0,020
3294,931	0,138	-0,020
3294,516	0,118	-0,020
3294,101	0,138	-0,020
3293,686	0,118	-0,020
3293,271	0,138	-0,020
3292,856	0,138	-0,020
3292,441	0,138	-0,020
3292,025	0,163	-0,020
3291,610	0,163	-0,020
3291,195	0,163	-0,020
3290,780	0,183	0,000
3290,365	0,163	-0,020
3289,950	0,163	-0,020
3289,535	0,163	0,000
3289,120	0,163	-0,020
3288,705	0,163	-0,020
3288,289	0,163	-0,020
3287,874	0,163	-0,020
3287,459	0,163	-0,020
