3307,981	0,099	0,000
3307,559	0,099	0,000
3307,137	0,099	0,000
3306,715	0,099	0,000
3306,292	0,099	-0,020
3305,870	0,099	-0,020
3305,448	0,099	-0,020
3305,025	0,099	-0,020
3304,603	0,118	-0,020
3304,181	0,118	0,000
3303,758	0,138	-0,020
3303,336	0,163	0,000
3302,914	0,163	0,000
3302,491	0,163	-0,020
3302,069	0,163	-0,020
3301,647	0,163	0,000
3301,224	0,163	-0,020
3300,802	0,138	-0,020
3300,380	0,138	-0,020
3299,958	0,118	-0,020
3299,535	0,118	-0,020
3299,113	0,118	-0,020
3298,691	0,118	-0,020
3298,268	0,118	0,000
3297,846	0,138	0,000
3297,424	0,138	-0,020
3297,001	0,138	-0,020
3296,579	0,138	-0,020
3296,157	0,163	-0,020
3295,734	0,163	-0,020
3295,312	0,163	0,000
3294,890	0,163	0,000
3294,468	0,138	-0,020
3294,045	0,163	0,000
3293,623	0,138	-0,020
3293,201	0,138	-0,020
3292,778	0,138	0,000
3292,356	0,138	-0,020
3291,934	0,138	-0,020
3291,511	0,163	-0,020
3291,089	0,163	-0,020
3290,667	0,163	-0,020
3290,244	0,183	0,000
3289,822	0,183	0,000
3289,400	0,183	-0,020
3288,977	0,183	-0,020
3288,555	0,183	-0,020
3288,133	0,183	-0,020
3287,711	0,183	-0,020
3287,288	0,183	0,000
3286,866	0,163	-0,020
3286,444	0,183	0,000
3286,021	0,163	-0,020
3285,599	0,163	-0,020
3285,177	0,163	-0,020
3284,754	0,163	-0,020
3284,332	0,163	-0,020
3283,910	0,163	-0,020
3283,487	0,163	-0,020
3283,065	0,183	0,000
3282,643	0,163	-0,020
3282,221	0,183	0,000
3281,798	0,163	-0,020
3281,376	0,183	-0,020
3280,954	0,163	-0,020
3280,531	0,183	-0,020
3280,109	0,183	-0,020
3279,687	0,183	-0,020
3279,264	0,183	-0,020
3278,842	0,183	-0,020
3278,420	0,202	0,000
3277,997	0,222	-0,020
3277,575	0,222	-0,020
3277,153	0,241	-0,020
3276,730	0,261	0,000
3276,308	0,261	-0,020
3275,886	0,261	-0,020
3275,464	0,261	-0,020
3275,041	0,241	-0,020
3274,619	0,241	-0,020
3274,197	0,222	-0,020
3273,774	0,202	-0,020
3273,352	0,202	-0,020
3272,930	0,183	-0,020
3272,507	0,183	-0,020
3272,085	0,183	-0,020
3271,663	0,183	-0,020
3271,240	0,202	-0,020
3270,818	0,241	-0,020
3270,396	0,304	0,000
3269,974	0,343	-0,020
3269,551	0,421	-0,020
3269,129	0,525	-0,020
3268,707	0,665	-0,020
3268,284	0,827	-0,020
3267,862	1,052	-0,020
3267,440	1,316	-0,020
3267,017	1,638	-0,020
3266,595	1,980	-0,020
3266,173	2,384	-0,020
3265,750	2,911	-0,020
3265,328	3,357	-0,020
3264,906	3,780	-0,020
3264,483	4,128	-0,020
3264,061	4,411	-0,020
3263,639	4,610	-0,020
3263,217	4,753	-0,020
3262,794	4,835	-0,020
3262,372	4,874	-0,020
3261,950	4,913	-0,020
3261,527	4,933	0,000
3261,105	4,933	-0,020
3260,683	4,933	-0,020
3260,260	4,933	0,000
3259,838	4,913	-0,020
3259,416	4,913	-0,020
